27875
62371
23031
14955
43131
51429
25301
50975
55789
53239
49823
62963
5505
14165
3901
6595
45345
1547
45431
497
17791
31525
60821
185
3961
20205
28501
41275
35313
45905
5909
32253
387
46179
9211
19463
51217
11989
3095
48373
8185
41007
4781
48847
40383
38687
19479
57431
14697
36643
18265
47535
43041
23359
58403
37943
32203
10565
50843
5141
20709
36521
30317
43961
48659
27913
58957
33305
14589
12481
32209
59937
23693
27005
2825
19453
11677
60423
62877
64615
36635
45475
62709
23757
27349
22271
41373
55511
12199
50015
24323
64449
32701
17451
29583
49077
26001
33655
12983
51131
45553
42017
24777
58427
26269
60281
61629
61305
54149
54311
4143
13817
62631
46821
34459
17031
15481
8703
30051
50845
34181
57245
36401
45667
35197
18617
48495
25199
50405
61285
60275
52953
23625
43715
18769
48937
29665
20659
20863
56585
13003
61127
45467
56331
59115
4289
267
61891
18393
58253
45937
35195
14139
15577
18179
37987
41669
36691
9189
14293
38597
56561
39813
15245
33131
47469
22411
9845
22909
49383
39809
54593
659
2877
26539
40457
63627
43663
19507
57773
3079
58007
99
33433
48757
6761
7009
34629
38785
853
17295
7207
42863
5359
24909
32145
43
13751
7121
30575
36971
21531
45547
14965
46631
16681
35787
35859
49743
25229
27809
65031
19575
35797
19885
34975
22925
557
40229
18603
29927
9769
44557
38161
57129
50813
43941
15429
8367
61625
31325
15309
5953
39833
62695
15699
11301
34093
7627
62369
