30070
30138
30150
30174
30194
30202
30226
30234
30240
30248
30256
30274
30286
30296
30300
30304
30314
30328
30338
30350
30356
30378
30394
30400
30406
30414
30424
30432
30436
30444
30456
30474
30482
30488
30496
30504
30518
30528
30538
30550
30554
30570
30576
30580
30602
30612
30638
30642
30650
30666
30682
30692
30698
30706
30722
30734
30748
30756
30762
30772
30800
30804
30816
30826
30840
30846
30862
30870
30880
30902
30930
30934
30942
30948
30962
30966
30972
30986
31006
31012
31026
31044
31054
31060
31064
31086
31098
31108
31114
31126
31142
31150
31164
31170
31194
31202
31214
31246
31254
31276
31280
31292
31296
31304
31320
31330
31342
31350
31358
31364
31370
31376
31382
31396
31404
31408
31420
31428
31436
31446
31456
31464
31468
31474
31482
31498
31516
31524
31532
31536
31542
31548
31558
31572
31580
31588
31592
31608
31620
31626
31642
31652
31660
31670
31680
31686
31698
31714
31724
31728
31744
31752
31762
31794
31798
31802
31814
31820
31830
31838
31854
31866
31878
31894
31904
31908
31916
31938
31950
31960
31972
31978
31990
32008
32024
32028
32044
32052
32060
32068
32088
32092
32098
32110
32114
32124
32132
32160
32170
32180
32186
32190
32202
32214
32236
32256
32280
32290
32300
32324
32336
32348
32356
32360
32366
32378
32392
32406
32428
32434
32438
32442
32454
32458
32462
32474
32480
32504
32508
32528
32534
32542
32566
32572
32578
32594
32600
32612
32620
32628
32636
32640
32650
32670
32692
32702
32706
32720
32726
32740
32746
32754
32778
32782
32788
32800
32808
32814
32824
32828
32844
32858
32864
32870
32876
32882
32886
32890
32906
32912
32926
32938
32948
32954
32976
32988
32996
