30130
30148
30168
30190
30198
30216
30232
30236
30242
30254
30260
30282
30290
30298
30302
30308
30318
30330
30342
30352
30360
30384
30396
30404
30408
30422
30426
30434
30442
30448
30458
30480
30484
30490
30502
30506
30520
30530
30546
30552
30556
30574
30578
30588
30606
30636
30640
30644
30654
30672
30684
30696
30700
30718
30732
30742
30750
30760
30770
30786
30802
30812
30824
30836
30842
30850
30866
30878
30884
30924
30932
30940
30944
30952
30964
30968
30978
31000
31008
31022
31032
31046
31056
31062
31074
31092
31106
31112
31124
31134
31146
31152
31168
31192
31196
31208
31224
31250
31262
31278
31286
31294
31302
31306
31326
31336
31348
31356
31360
31368
31374
31378
31386
31398
31406
31418
31426
31432
31442
31452
31458
31466
31470
31478
31490
31504
31520
31526
31534
31540
31544
31550
31562
31578
31586
31590
31596
31616
31622
31636
31644
31656
31664
31678
31684
31692
31708
31718
31726
31742
31746
31760
31784
31796
31800
31804
31816
31824
31834
31842
31858
31868
31890
31898
31906
31910
31918
31948
31952
31970
31976
31988
31996
32014
32026
32038
32048
32058
32062
32072
32090
32094
32104
32112
32120
32126
32158
32166
32178
32182
32188
32200
32212
32232
32250
32272
32284
32294
32312
32328
32338
32354
32358
32364
32376
32384
32396
32418
32432
32436
32440
32444
32456
32460
32472
32476
32488
32506
32512
32532
32538
32552
32570
32576
32584
32598
32604
32616
32624
32630
32638
32644
32654
32690
32694
32704
32714
32722
32732
32742
32752
32756
32780
32784
32790
32806
32812
32820
32826
32840
32856
32862
32868
32872
32878
32884
32888
32904
32910
32924
32934
32940
32952
32956
32986
32990
