probe cvc_se1 loaded: latency=6 force_at=4,9,14 maxf=30000
S 1 0 0 0 0 0 0
S 19 1 0 0 0 0 0
S 35 2 0 0 0 0 0
S 38 3 0 0 0 0 0
S 39 8 15 2 6 3 0
INIT 1 at 39 pc 0->2
S 256 4 15 2 6 3 0
E 256
S 257 4 15 3 3 3 0
S 259 4 15 3 0 3 0
S 275 4 14 3 0 1 3
S 277 4 13 3 0 1 3
S 279 4 12 3 0 1 3
S 281 4 12 3 1 1 3
S 290 4 12 3 2 1 3
S 291 4 12 3 5 1 3
S 292 4 12 3 6 1 3
S 293 4 15 4 3 3 0
E 293
S 294 4 15 4 0 3 0
S 315 4 14 4 0 0 3
S 317 4 13 4 0 0 3
S 319 4 12 4 0 0 3
S 321 4 12 4 1 0 3
S 330 4 12 4 2 0 3
S 331 4 12 4 5 0 3
S 332 4 12 4 6 0 3
S 333 4 15 5 3 3 0
E 333
S 334 4 15 5 0 3 0
S 351 4 14 5 0 2 3
S 353 4 13 5 0 2 3
S 355 4 13 5 1 2 3
S 364 4 13 5 2 2 3
S 365 4 13 5 5 2 3
S 366 4 13 5 6 2 3
S 367 4 15 6 3 3 0
E 367
S 368 4 15 6 0 3 0
S 387 4 14 6 0 5 3
S 389 4 13 6 0 5 3
S 391 4 13 6 1 5 3
S 400 4 13 6 2 5 3
S 401 4 13 6 5 5 3
S 402 4 13 6 6 5 3
S 403 4 15 7 3 3 0
E 403
S 404 4 15 7 0 3 0
S 419 4 14 7 0 3 3
S 421 4 13 7 0 3 3
S 423 4 13 7 1 3 3
S 432 4 13 7 2 3 3
S 433 4 13 7 5 3 3
S 434 4 13 7 6 3 3
S 435 4 15 8 3 3 0
E 435
S 436 4 15 8 0 3 0
S 451 4 15 8 1 3 3
S 460 4 15 8 2 3 3
S 461 4 15 8 5 3 3
S 462 4 15 8 6 3 3
S 463 5 15 9 4 3 0
S 464 7 15 9 4 3 0
S 577 3 15 9 4 3 0
S 578 8 15 2 6 3 0
INIT 2 at 578 pc 9->2
S 802 4 15 2 6 3 0
E 802
S 803 4 15 3 3 3 0
S 804 4 15 3 0 3 0
S 817 4 14 3 0 3 3
S 819 4 13 3 0 3 3
S 821 4 13 3 1 3 3
S 830 4 13 3 2 3 3
S 831 4 13 3 5 3 3
S 832 4 13 3 6 3 3
S 833 4 15 4 3 3 0
E 833
S 834 4 15 4 0 3 0
S 849 4 15 4 1 3 3
S 858 4 15 4 2 3 3
S 859 4 15 4 5 3 3
S 860 4 15 4 6 3 3
S 861 5 15 5 4 3 0
S 862 7 15 5 4 3 0
S 963 3 15 5 4 3 0
S 964 8 15 2 6 3 0
INIT 3 at 964 pc 5->2
S 1179 4 15 2 6 3 0
E 1179
S 1180 4 15 3 3 3 0
S 1181 4 15 3 0 3 0
S 1201 4 14 3 0 0 3
S 1203 4 13 3 0 0 3
S 1205 4 12 3 0 0 3
S 1207 4 12 3 1 0 3
S 1216 4 12 3 2 0 3
S 1217 4 12 3 5 0 3
S 1218 4 12 3 6 0 3
S 1219 4 15 4 3 3 0
E 1219
S 1220 4 15 4 0 3 0
S 1237 4 14 4 0 2 3
S 1239 4 13 4 0 2 3
S 1241 4 12 4 0 2 3
S 1243 4 12 4 1 2 3
S 1252 4 12 4 2 2 3
S 1253 4 12 4 5 2 3
S 1254 4 12 4 6 2 3
S 1255 4 15 5 3 3 0
E 1255
S 1256 4 15 5 0 3 0
S 1271 4 14 5 0 3 3
S 1273 4 13 5 0 3 3
S 1275 4 12 5 0 3 3
S 1277 4 12 5 1 3 3
S 1286 4 12 5 2 3 3
S 1287 4 12 5 5 3 3
S 1288 4 12 5 6 3 3
S 1289 4 15 6 3 3 0
E 1289
S 1290 4 15 6 0 3 0
S 1307 4 14 6 0 4 3
S 1309 4 13 6 0 4 3
S 1311 4 13 6 1 4 3
S 1320 4 13 6 2 4 3
S 1321 4 13 6 5 4 3
S 1322 4 13 6 6 4 3
S 1323 4 15 7 3 3 0
E 1323
S 1324 4 15 7 0 3 0
S 1339 4 14 7 0 3 3
S 1341 4 14 7 1 3 3
S 1351 4 14 7 2 3 3
S 1352 4 14 7 5 3 3
S 1353 4 14 7 6 3 3
S 1354 5 15 8 4 3 0
S 1355 7 15 8 4 3 0
S 1564 1 15 8 4 3 0
S 1580 2 15 8 4 3 0
S 1583 3 15 8 4 3 0
S 1584 8 15 2 6 3 0
INIT 4 at 1584 pc 8->2
S 1813 4 15 2 6 3 0
E 1813
S 1814 4 15 3 3 3 0
S 1815 4 15 3 0 3 0
F1 start 1815 x=3->0 y=15 pc=3
S 1827 4 15 3 1 0 0
F1 locked 1827 x=0 y=15 rot=0 (Y=$0F off-spawn lock OK)
S 1868 4 15 3 2 0 0
S 1869 4 15 3 5 0 0
S 1870 4 15 3 6 0 0
S 1871 4 15 4 3 3 0
E 1871
S 1872 4 15 4 0 3 0
F1 next-pill live 1872 y=15 pc=4
S 1887 4 14 4 0 3 3
S 1889 4 13 4 0 3 3
S 1891 4 12 4 0 3 3
S 1893 4 11 4 0 3 3
S 1895 4 10 4 0 3 3
S 1897 4 9 4 0 3 3
S 1899 4 9 4 1 3 3
S 1911 4 9 4 2 3 3
S 1912 4 9 4 5 3 3
S 1913 4 9 4 6 3 3
S 1914 4 15 5 3 3 0
E 1914
S 1915 4 15 5 0 3 0
S 1935 4 14 5 0 0 3
S 1937 4 14 5 1 0 3
S 1946 4 14 5 2 0 3
S 1947 4 14 5 5 0 3
S 1948 4 14 5 6 0 3
S 1949 4 15 6 3 3 0
E 1949
S 1950 4 15 6 0 3 0
S 1965 4 14 6 0 3 3
S 1967 4 13 6 0 3 3
S 1969 4 12 6 0 3 3
S 1971 4 11 6 0 3 3
S 1973 4 11 6 1 3 3
S 1983 4 11 6 2 3 3
S 1984 4 11 6 5 3 3
S 1985 4 11 6 6 3 3
S 1986 4 15 7 3 3 0
E 1986
S 1987 4 15 7 0 3 0
S 2005 4 14 7 0 5 3
S 2007 4 13 7 0 5 3
S 2009 4 13 7 1 5 3
S 2018 4 13 7 2 5 3
S 2019 4 13 7 5 5 3
S 2020 4 13 7 6 5 3
S 2021 4 15 8 3 3 0
E 2021
S 2022 4 15 8 0 3 0
S 2041 4 14 8 0 1 3
S 2043 4 14 8 1 1 3
S 2052 4 14 8 2 1 3
S 2053 4 14 8 5 1 3
S 2054 4 14 8 6 1 3
S 2055 4 15 9 3 3 0
E 2055
S 2056 4 15 9 0 3 0
S 2073 4 14 9 0 2 3
S 2075 4 13 9 0 2 3
S 2077 4 13 9 1 2 3
S 2086 4 13 9 2 2 3
S 2087 4 13 9 5 2 3
S 2088 4 13 9 6 2 3
S 2089 4 15 10 3 3 0
E 2089
S 2090 4 15 10 0 3 0
S 2105 4 14 10 0 3 3
S 2107 4 13 10 0 3 3
S 2109 4 13 10 1 3 3
S 2118 4 13 10 2 3 3
S 2119 4 13 10 5 3 3
S 2120 4 13 10 6 3 3
S 2121 4 15 11 3 3 0
E 2121
S 2122 4 15 11 0 3 0
S 2137 4 15 11 1 3 3
S 2146 4 15 11 2 3 3
S 2147 4 15 11 5 3 3
S 2148 4 15 11 6 3 3
S 2149 5 15 12 4 3 0
S 2150 7 15 12 4 3 0
S 2262 3 15 12 4 3 0
S 2263 8 15 2 6 3 0
INIT 5 at 2263 pc 12->2
S 2479 4 15 2 6 3 0
E 2479
S 2480 4 15 3 3 3 0
S 2481 4 15 3 0 3 0
S 2497 4 14 3 0 2 3
S 2499 4 13 3 0 2 3
S 2501 4 12 3 0 2 3
S 2503 4 12 3 1 2 3
S 2512 4 12 3 2 2 3
S 2513 4 12 3 5 2 3
S 2514 4 12 3 6 2 3
S 2515 4 15 4 3 3 0
E 2515
S 2516 4 15 4 0 3 0
S 2533 4 14 4 0 4 3
S 2535 4 13 4 0 4 3
S 2537 4 13 4 1 4 3
S 2546 4 13 4 2 4 3
S 2547 4 13 4 5 4 3
S 2548 4 13 4 6 4 3
S 2549 4 15 5 3 3 0
E 2549
S 2550 4 15 5 0 3 0
S 2571 4 14 5 0 0 3
S 2573 4 13 5 0 0 3
S 2575 4 12 5 0 0 3
S 2577 4 12 5 1 0 3
S 2586 4 12 5 2 0 3
S 2587 4 12 5 5 0 3
S 2588 4 12 5 6 0 3
S 2589 4 15 6 3 3 0
E 2589
S 2590 4 15 6 0 3 0
S 2607 4 14 6 0 2 3
S 2609 4 14 6 1 2 3
S 2618 4 14 6 2 2 3
S 2619 4 14 6 5 2 3
S 2620 4 14 6 6 2 3
S 2621 4 15 7 3 3 0
E 2621
S 2622 4 15 7 0 3 0
S 2637 4 14 7 0 3 3
S 2639 4 13 7 0 3 3
S 2641 4 13 7 1 3 3
S 2650 4 13 7 2 3 3
S 2651 4 13 7 5 3 3
S 2652 4 13 7 6 3 3
S 2653 4 15 8 3 3 0
E 2653
S 2654 4 15 8 0 3 0
S 2669 4 15 8 1 3 3
S 2678 4 15 8 2 3 3
S 2679 4 15 8 5 3 3
S 2680 4 15 8 6 3 3
S 2681 5 15 9 4 3 0
S 2682 7 15 9 4 3 0
S 2784 3 15 9 4 3 0
S 2785 8 15 2 6 3 0
INIT 6 at 2785 pc 9->2
S 3001 4 15 2 6 3 0
E 3001
S 3002 4 15 3 3 3 0
S 3004 4 15 3 0 3 0
S 3021 4 14 3 0 5 3
S 3023 4 13 3 0 5 3
S 3025 4 13 3 1 5 3
S 3034 4 13 3 2 5 3
S 3035 4 13 3 5 5 3
S 3036 4 13 3 6 5 3
S 3037 4 15 4 3 3 0
E 3037
S 3038 4 15 4 0 3 0
S 3059 4 14 4 0 0 3
S 3061 4 13 4 0 0 3
S 3063 4 13 4 1 0 3
S 3072 4 13 4 2 0 3
S 3073 4 13 4 5 0 3
S 3074 4 13 4 6 0 3
S 3075 4 15 5 3 3 0
E 3075
S 3076 4 15 5 0 3 0
S 3091 4 14 5 0 3 3
S 3093 4 13 5 0 3 3
S 3095 4 12 5 0 3 3
S 3097 4 12 5 1 3 3
S 3106 4 12 5 2 3 3
S 3107 4 12 5 5 3 3
S 3108 4 12 5 6 3 3
S 3109 4 15 6 3 3 0
E 3109
S 3110 4 15 6 0 3 0
S 3125 4 14 6 0 3 3
S 3127 4 14 6 1 3 3
S 3156 4 14 6 2 3 3
S 3157 4 14 6 5 3 3
S 3158 4 14 6 6 3 3
S 3159 4 15 7 3 3 0
E 3159
S 3160 4 15 7 0 3 0
S 3175 4 14 7 0 3 3
S 3177 4 13 7 0 3 3
S 3179 4 12 7 0 3 3
S 3181 4 12 7 1 3 3
S 3190 4 12 7 2 3 3
S 3191 4 12 7 5 3 3
S 3192 4 12 7 6 3 3
S 3193 4 15 8 3 3 0
E 3193
S 3194 4 15 8 0 3 0
S 3209 4 14 8 0 3 3
S 3211 4 14 8 1 3 3
S 3220 4 14 8 2 3 3
S 3221 4 14 8 5 3 3
S 3222 4 14 8 6 3 3
S 3223 5 15 9 4 3 0
S 3224 7 15 9 4 3 0
S 3418 1 15 9 4 3 0
S 3434 2 15 9 4 3 0
S 3437 3 15 9 4 3 0
S 3438 8 15 2 6 3 0
INIT 7 at 3438 pc 9->2
S 3652 4 15 2 6 3 0
E 3652
S 3653 4 15 3 3 3 0
S 3655 4 15 3 0 3 0
S 3671 4 14 3 0 5 3
S 3673 4 13 3 0 5 3
S 3675 4 12 3 0 5 3
S 3677 4 11 3 0 5 3
S 3679 4 11 3 1 5 3
S 3689 4 11 3 2 5 3
S 3690 4 11 3 5 5 3
S 3691 4 11 3 6 5 3
S 3692 4 15 4 3 3 0
E 3692
S 3693 4 15 4 0 3 0
S 3715 4 14 4 0 7 3
S 3717 4 13 4 0 7 3
S 3719 4 12 4 0 7 3
S 3721 4 11 4 0 7 3
S 3723 4 11 4 1 7 3
S 3733 4 11 4 2 7 3
S 3734 4 11 4 5 7 3
S 3735 4 11 4 6 7 3
S 3736 4 15 5 3 3 0
E 3736
S 3737 4 15 5 0 3 0
S 3757 4 14 5 0 0 3
S 3759 4 13 5 0 0 3
S 3761 4 13 5 1 0 3
S 3770 4 13 5 2 0 3
S 3771 4 13 5 5 0 3
S 3772 4 13 5 6 0 3
S 3773 4 15 6 3 3 0
E 3773
S 3774 4 15 6 0 3 0
S 3789 4 14 6 0 3 3
S 3791 4 13 6 0 3 3
S 3793 4 12 6 0 3 3
S 3795 4 11 6 0 3 3
S 3797 4 11 6 1 3 3
S 3807 4 11 6 2 3 3
S 3808 4 11 6 5 3 3
S 3809 4 11 6 6 3 3
S 3810 4 15 7 3 3 0
E 3810
S 3811 4 15 7 0 3 0
S 3831 4 14 7 0 6 3
S 3833 4 13 7 0 6 3
S 3835 4 12 7 0 6 3
S 3837 4 12 7 1 6 3
S 3846 4 12 7 2 6 3
S 3847 4 12 7 5 6 3
S 3848 4 12 7 6 6 3
S 3849 4 15 8 3 3 0
E 3849
S 3850 4 15 8 0 3 0
S 3869 4 14 8 0 5 3
S 3871 4 13 8 0 5 3
S 3873 4 13 8 1 5 3
S 3882 4 13 8 2 5 3
S 3883 4 13 8 5 5 3
S 3884 4 13 8 6 5 3
S 3885 4 15 9 3 3 0
E 3885
S 3886 4 15 9 0 3 0
S 3901 4 14 9 0 3 3
S 3903 4 13 9 0 3 3
S 3905 4 13 9 1 3 3
S 3914 4 13 9 2 3 3
S 3915 4 13 9 5 3 3
S 3916 4 13 9 6 3 3
S 3917 4 15 10 3 3 0
E 3917
S 3918 4 15 10 0 3 0
S 3933 4 15 10 1 3 3
S 3942 4 15 10 2 3 3
S 3943 4 15 10 5 3 3
S 3944 4 15 10 6 3 3
S 3945 5 15 11 4 3 0
S 3946 7 15 11 4 3 0
S 4053 3 15 11 4 3 0
S 4054 8 15 2 6 3 0
INIT 8 at 4054 pc 11->2
S 4326 4 15 2 6 3 0
E 4326
S 4327 4 15 3 3 3 0
S 4328 4 15 3 0 3 0
S 4343 4 14 3 0 4 3
S 4345 4 13 3 0 4 3
S 4347 4 13 3 1 4 3
S 4356 4 13 3 2 4 3
S 4357 4 13 3 5 4 3
S 4358 4 13 3 6 4 3
S 4359 4 15 4 3 3 0
E 4359
S 4360 4 15 4 0 3 0
S 4379 4 14 4 0 1 3
S 4381 4 13 4 0 1 3
S 4383 4 13 4 1 1 3
S 4392 4 13 4 2 1 3
S 4393 4 13 4 5 1 3
S 4394 4 13 4 6 1 3
S 4395 4 15 5 3 3 0
E 4395
S 4396 4 15 5 0 3 0
S 4411 4 14 5 0 3 3
S 4413 4 13 5 0 3 3
S 4415 4 13 5 1 3 3
S 4424 4 13 5 2 3 3
S 4425 4 13 5 5 3 3
S 4426 4 13 5 6 3 3
S 4427 4 15 6 3 3 0
E 4427
S 4428 4 15 6 0 3 0
S 4443 4 15 6 1 3 3
S 4452 4 15 6 2 3 3
S 4453 4 15 6 5 3 3
S 4454 4 15 6 6 3 3
S 4455 5 15 7 4 3 0
S 4456 7 15 7 4 3 0
S 4567 3 15 7 4 3 0
S 4568 8 15 2 6 3 0
INIT 9 at 4568 pc 7->2
S 4783 4 15 2 6 3 0
E 4783
S 4784 4 15 3 3 3 0
S 4785 4 15 3 0 3 0
F2 start 4785 x=3->0 y=15 pc=3
S 4797 4 15 3 1 0 0
F2 locked 4797 x=0 y=15 rot=0 (Y=$0F off-spawn lock OK)
S 4838 4 15 3 2 0 0
S 4839 4 15 3 5 0 0
S 4840 4 15 3 6 0 0
S 4841 4 15 4 3 3 0
E 4841
S 4842 4 15 4 0 3 0
F2 next-pill live 4842 y=15 pc=4
S 4859 4 14 4 0 4 3
S 4861 4 13 4 0 4 3
S 4863 4 12 4 0 4 3
S 4865 4 12 4 1 4 3
S 4874 4 12 4 2 4 3
S 4875 4 12 4 5 4 3
S 4876 4 12 4 6 4 3
S 4877 4 15 5 3 3 0
E 4877
S 4878 4 15 5 0 3 0
S 4901 4 14 5 0 7 3
S 4903 4 13 5 0 7 3
S 4905 4 13 5 1 7 3
S 4914 4 13 5 2 7 3
S 4915 4 13 5 5 7 3
S 4916 4 13 5 6 7 3
S 4917 4 15 6 3 3 0
E 4917
S 4918 4 15 6 0 3 0
S 4937 4 14 6 0 1 3
S 4939 4 14 6 1 1 3
S 4948 4 14 6 2 1 3
S 4949 4 14 6 5 1 3
S 4950 4 14 6 6 1 3
S 4951 4 15 7 3 3 0
E 4951
S 4952 4 15 7 0 3 0
S 4973 4 14 7 0 6 3
S 4975 4 13 7 0 6 3
S 4977 4 12 7 0 6 3
S 4979 4 12 7 1 6 3
S 4988 4 12 7 2 6 3
S 4989 4 12 7 5 6 3
S 4990 4 12 7 6 6 3
S 4991 4 15 8 3 3 0
E 4991
S 4992 4 15 8 0 3 0
S 5009 4 14 8 0 4 3
S 5011 4 14 8 1 4 3
S 5020 4 14 8 2 4 3
S 5021 4 14 8 5 4 3
S 5022 4 14 8 6 4 3
S 5023 5 15 9 4 3 0
S 5024 7 15 9 4 3 0
S 5232 1 15 9 4 3 0
S 5248 2 15 9 4 3 0
S 5251 3 15 9 4 3 0
S 5252 8 15 2 6 3 0
INIT 10 at 5252 pc 9->2
S 5466 4 15 2 6 3 0
E 5466
S 5467 4 15 3 3 3 0
S 5468 4 15 3 0 3 0
S 5487 4 14 3 0 0 3
S 5489 4 13 3 0 0 3
S 5491 4 13 3 1 0 3
S 5500 4 13 3 2 0 3
S 5501 4 13 3 5 0 3
S 5502 4 13 3 6 0 3
S 5503 4 15 4 3 3 0
E 5503
S 5504 4 15 4 0 3 0
S 5519 4 14 4 0 3 3
S 5521 4 13 4 0 3 3
S 5523 4 13 4 1 3 3
S 5532 4 13 4 2 3 3
S 5533 4 13 4 5 3 3
S 5534 4 13 4 6 3 3
S 5535 4 15 5 3 3 0
E 5535
S 5536 4 15 5 0 3 0
S 5551 4 15 5 1 3 3
S 5560 4 15 5 2 3 3
S 5561 4 15 5 5 3 3
S 5562 4 15 5 6 3 3
S 5563 5 15 6 4 3 0
S 5564 7 15 6 4 3 0
S 5675 3 15 6 4 3 0
S 5676 8 15 2 6 3 0
INIT 11 at 5676 pc 6->2
S 5902 4 15 2 6 3 0
E 5902
S 5903 4 15 3 3 3 0
S 5904 4 15 3 0 3 0
S 5917 4 14 3 0 3 3
S 5919 4 13 3 0 3 3
S 5921 4 13 3 1 3 3
S 5930 4 13 3 2 3 3
S 5931 4 13 3 5 3 3
S 5932 4 13 3 6 3 3
S 5933 4 15 4 3 3 0
E 5933
S 5934 4 15 4 0 3 0
S 5949 4 15 4 1 3 3
S 5958 4 15 4 2 3 3
S 5959 4 15 4 5 3 3
S 5960 4 15 4 6 3 3
S 5961 5 15 5 4 3 0
S 5962 7 15 5 4 3 0
S 6063 3 15 5 4 3 0
S 6064 8 15 2 6 3 0
INIT 12 at 6064 pc 5->2
S 6278 4 15 2 6 3 0
E 6278
S 6279 4 15 3 3 3 0
S 6280 4 15 3 0 3 0
S 6299 4 14 3 0 0 3
S 6301 4 13 3 0 0 3
S 6303 4 13 3 1 0 3
S 6312 4 13 3 2 0 3
S 6313 4 13 3 5 0 3
S 6314 4 13 3 6 0 3
S 6315 4 15 4 3 3 0
E 6315
S 6316 4 15 4 0 3 0
S 6335 4 14 4 0 1 3
S 6337 4 13 4 0 1 3
S 6339 4 13 4 1 1 3
S 6348 4 13 4 2 1 3
S 6349 4 13 4 5 1 3
S 6350 4 13 4 6 1 3
S 6351 4 15 5 3 3 0
E 6351
S 6352 4 15 5 0 3 0
S 6369 4 14 5 0 2 3
S 6371 4 13 5 0 2 3
S 6373 4 13 5 1 2 3
S 6382 4 13 5 2 2 3
S 6383 4 13 5 5 2 3
S 6384 4 13 5 6 2 3
S 6385 4 15 6 3 3 0
E 6385
S 6386 4 15 6 0 3 0
S 6401 4 14 6 0 3 3
S 6403 4 13 6 0 3 3
S 6405 4 13 6 1 3 3
S 6414 4 13 6 2 3 3
S 6415 4 13 6 5 3 3
S 6416 4 13 6 6 3 3
S 6417 4 15 7 3 3 0
E 6417
S 6418 4 15 7 0 3 0
S 6433 4 15 7 1 3 3
S 6442 4 15 7 2 3 3
S 6443 4 15 7 5 3 3
S 6444 4 15 7 6 3 3
S 6445 5 15 8 4 3 0
S 6446 7 15 8 4 3 0
S 6647 1 15 8 4 3 0
S 6663 2 15 8 4 3 0
S 6666 3 15 8 4 3 0
S 6667 8 15 2 6 3 0
INIT 13 at 6667 pc 8->2
S 6881 4 15 2 6 3 0
E 6881
S 6882 4 15 3 3 3 0
S 6883 4 15 3 0 3 0
S 6901 4 14 3 0 1 3
S 6903 4 13 3 0 1 3
S 6905 4 13 3 1 1 3
S 6914 4 13 3 2 1 3
S 6915 4 13 3 5 1 3
S 6916 4 13 3 6 1 3
S 6917 4 15 4 3 3 0
E 6917
S 6918 4 15 4 0 3 0
S 6933 4 14 4 0 3 3
S 6935 4 13 4 0 3 3
S 6937 4 13 4 1 3 3
S 6946 4 13 4 2 3 3
S 6947 4 13 4 5 3 3
S 6948 4 13 4 6 3 3
S 6949 4 15 5 3 3 0
E 6949
S 6950 4 15 5 0 3 0
S 6965 4 15 5 1 3 3
S 6974 4 15 5 2 3 3
S 6975 4 15 5 5 3 3
S 6976 4 15 5 6 3 3
S 6977 5 15 6 4 3 0
S 6978 7 15 6 4 3 0
S 7090 3 15 6 4 3 0
S 7091 8 15 2 6 3 0
INIT 14 at 7091 pc 6->2
S 7305 4 15 2 6 3 0
E 7305
S 7306 4 15 3 3 3 0
S 7307 4 15 3 0 3 0
F3 start 7307 x=3->0 y=15 pc=3
S 7319 4 15 3 1 0 0
F3 locked 7319 x=0 y=15 rot=0 (Y=$0F off-spawn lock OK)
S 7360 4 15 3 2 0 0
S 7361 4 15 3 5 0 0
S 7362 4 15 3 6 0 0
S 7363 4 15 4 3 3 0
E 7363
S 7364 4 15 4 0 3 0
F3 next-pill live 7364 y=15 pc=4
S 7379 4 14 4 0 3 3
S 7381 4 13 4 0 3 3
S 7383 4 13 4 1 3 3
S 7392 4 13 4 2 3 3
S 7393 4 13 4 5 3 3
S 7394 4 13 4 6 3 3
S 7395 4 15 5 3 3 0
E 7395
S 7396 4 15 5 0 3 0
S 7411 4 15 5 1 3 3
S 7420 4 15 5 2 3 3
S 7421 4 15 5 5 3 3
S 7422 4 15 5 6 3 3
S 7423 5 15 6 4 3 0
S 7424 7 15 6 4 3 0
S 7530 3 15 6 4 3 0
S 7531 8 15 2 6 3 0
INIT 15 at 7531 pc 6->2
S 7745 4 15 2 6 3 0
E 7745
S 7746 4 15 3 3 3 0
S 7747 4 15 3 0 3 0
S 7761 4 14 3 0 3 3
S 7763 4 13 3 0 3 3
S 7765 4 13 3 1 3 3
S 7774 4 13 3 2 3 3
S 7775 4 13 3 5 3 3
S 7776 4 13 3 6 3 3
S 7777 4 15 4 3 3 0
E 7777
S 7778 4 15 4 0 3 0
S 7793 4 15 4 1 3 3
S 7802 4 15 4 2 3 3
S 7803 4 15 4 5 3 3
S 7804 4 15 4 6 3 3
S 7805 5 15 5 4 3 0
S 7806 7 15 5 4 3 0
S 8002 1 15 5 4 3 0
S 8018 2 15 5 4 3 0
S 8021 3 15 5 4 3 0
S 8022 8 15 2 6 3 0
INIT 16 at 8022 pc 5->2
S 8237 4 15 2 6 3 0
E 8237
S 8238 4 15 3 3 3 0
S 8239 4 15 3 0 3 0
S 8257 4 14 3 0 5 3
S 8259 4 13 3 0 5 3
S 8261 4 13 3 1 5 3
S 8270 4 13 3 2 5 3
S 8271 4 13 3 5 5 3
S 8272 4 13 3 6 5 3
S 8273 4 15 4 3 3 0
E 8273
S 8274 4 15 4 0 3 0
S 8291 4 14 4 0 2 3
S 8293 4 13 4 0 2 3
S 8295 4 13 4 1 2 3
S 8304 4 13 4 2 2 3
S 8305 4 13 4 5 2 3
S 8306 4 13 4 6 2 3
S 8307 4 15 5 3 3 0
E 8307
S 8308 4 15 5 0 3 0
S 8323 4 14 5 0 3 3
S 8325 4 13 5 0 3 3
S 8327 4 12 5 0 3 3
S 8329 4 11 5 0 3 3
S 8331 4 11 5 1 3 3
S 8341 4 11 5 2 3 3
S 8342 4 11 5 5 3 3
S 8343 4 11 5 6 3 3
S 8344 4 15 6 3 3 0
E 8344
S 8345 4 15 6 0 3 0
S 8359 4 14 6 0 3 3
S 8361 4 13 6 0 3 3
S 8363 4 13 6 1 3 3
S 8372 4 13 6 2 3 3
S 8373 4 13 6 5 3 3
S 8374 4 13 6 6 3 3
S 8375 4 15 7 3 3 0
E 8375
S 8376 4 15 7 0 3 0
S 8391 4 15 7 1 3 3
S 8400 4 15 7 2 3 3
S 8401 4 15 7 5 3 3
S 8402 4 15 7 6 3 3
S 8403 5 15 8 4 3 0
S 8404 7 15 8 4 3 0
S 8510 3 15 8 4 3 0
S 8511 8 15 2 6 3 0
INIT 17 at 8511 pc 8->2
S 8725 4 15 2 6 3 0
E 8725
S 8726 4 15 3 3 3 0
S 8727 4 15 3 0 3 0
S 8747 4 14 3 0 6 3
S 8749 4 13 3 0 6 3
S 8751 4 12 3 0 6 3
S 8753 4 12 3 1 6 3
S 8762 4 12 3 2 6 3
S 8763 4 12 3 5 6 3
S 8764 4 12 3 6 6 3
S 8765 4 15 4 3 3 0
E 8765
S 8766 4 15 4 0 3 0
S 8787 4 14 4 0 0 3
S 8789 4 13 4 0 0 3
S 8791 4 12 4 0 0 3
S 8793 4 11 4 0 0 3
S 8795 4 11 4 1 0 3
S 8806 4 11 4 2 0 3
S 8807 4 11 4 5 0 3
S 8808 4 11 4 6 0 3
S 8809 4 15 5 3 3 0
E 8809
S 8810 4 15 5 0 3 0
S 8829 4 14 5 0 1 3
S 8831 4 13 5 0 1 3
S 8833 4 13 5 1 1 3
S 8842 4 13 5 2 1 3
S 8843 4 13 5 5 1 3
S 8844 4 13 5 6 1 3
S 8845 4 15 6 3 3 0
E 8845
S 8846 4 15 6 0 3 0
S 8863 4 14 6 0 4 3
S 8865 4 13 6 0 4 3
S 8867 4 13 6 1 4 3
S 8876 4 13 6 2 4 3
S 8877 4 13 6 5 4 3
S 8878 4 13 6 6 4 3
S 8879 4 15 7 3 3 0
E 8879
S 8880 4 15 7 0 3 0
S 8897 4 14 7 0 3 3
S 8899 4 13 7 0 3 3
S 8901 4 13 7 1 3 3
S 8910 4 13 7 2 3 3
S 8911 4 13 7 5 3 3
S 8912 4 13 7 6 3 3
S 8913 4 15 8 3 3 0
E 8913
S 8914 4 15 8 0 3 0
S 8929 4 15 8 1 3 3
S 8938 4 15 8 2 3 3
S 8939 4 15 8 5 3 3
S 8940 4 15 8 6 3 3
S 8941 5 15 9 4 3 0
S 8942 7 15 9 4 3 0
S 9046 3 15 9 4 3 0
S 9047 8 15 2 6 3 0
INIT 18 at 9047 pc 9->2
S 9261 4 15 2 6 3 0
E 9261
S 9262 4 15 3 3 3 0
S 9263 4 15 3 0 3 0
S 9279 4 14 3 0 2 3
S 9281 4 13 3 0 2 3
S 9283 4 12 3 0 2 3
S 9285 4 11 3 0 2 3
S 9287 4 10 3 0 2 3
S 9289 4 10 3 1 2 3
S 9300 4 10 3 2 2 3
S 9301 4 10 3 5 2 3
S 9302 4 10 3 6 2 3
S 9303 4 15 4 3 3 0
E 9303
S 9304 4 15 4 0 3 0
S 9319 4 14 4 0 3 3
S 9321 4 13 4 0 3 3
S 9323 4 13 4 1 3 3
S 9332 4 13 4 2 3 3
S 9333 4 13 4 5 3 3
S 9334 4 13 4 6 3 3
S 9335 4 15 5 3 3 0
E 9335
S 9336 4 15 5 0 3 0
S 9351 4 15 5 1 3 3
S 9360 4 15 5 2 3 3
S 9361 4 15 5 5 3 3
S 9362 4 15 5 6 3 3
S 9363 5 15 6 4 3 0
S 9364 7 15 6 4 3 0
S 9566 1 15 6 4 3 0
S 9582 2 15 6 4 3 0
S 9585 3 15 6 4 3 0
S 9586 8 15 2 6 3 0
INIT 19 at 9586 pc 6->2
S 9800 4 15 2 6 3 0
E 9800
S 9801 4 15 3 3 3 0
S 9802 4 15 3 0 3 0
S 9817 4 14 3 0 4 3
S 9819 4 13 3 0 4 3
S 9821 4 12 3 0 4 3
S 9823 4 12 3 1 4 3
S 9852 4 12 3 2 4 3
S 9853 4 12 3 5 4 3
S 9854 4 12 3 6 4 3
S 9855 4 15 4 3 3 0
E 9855
S 9856 4 15 4 0 3 0
S 9873 4 14 4 0 4 3
S 9875 4 13 4 0 4 3
S 9877 4 12 4 0 4 3
S 9879 4 11 4 0 4 3
S 9881 4 10 4 0 4 3
S 9883 4 10 4 1 4 3
S 9894 4 10 4 2 4 3
S 9895 4 10 4 5 4 3
S 9896 4 10 4 6 4 3
S 9897 4 15 5 3 3 0
E 9897
S 9898 4 15 5 0 3 0
S 9915 4 14 5 0 4 3
S 9917 4 13 5 0 4 3
S 9919 4 12 5 0 4 3
S 9921 4 12 5 1 4 3
S 9930 4 12 5 2 4 3
S 9931 4 12 5 5 4 3
S 9932 4 12 5 6 4 3
S 9933 4 15 6 3 3 0
E 9933
S 9934 4 15 6 0 3 0
S 9955 4 14 6 0 6 3
S 9957 4 13 6 0 6 3
S 9959 4 12 6 0 6 3
S 9961 4 11 6 0 6 3
S 9963 4 11 6 1 6 3
S 9973 4 11 6 2 6 3
S 9974 4 11 6 5 6 3
S 9975 4 11 6 6 6 3
S 9976 4 15 7 3 3 0
E 9976
S 9977 4 15 7 0 3 0
S 9993 4 14 7 0 4 3
S 9995 4 14 7 1 4 3
S 10004 4 14 7 2 4 3
S 10005 4 14 7 5 4 3
S 10006 4 14 7 6 4 3
S 10007 5 15 8 4 3 0
S 10008 7 15 8 4 3 0
S 10121 3 15 8 4 3 0
S 10122 8 15 2 6 3 0
INIT 20 at 10122 pc 8->2
S 10337 4 15 2 6 3 0
E 10337
S 10338 4 15 3 3 3 0
S 10339 4 15 3 0 3 0
S 10359 4 14 3 0 0 3
S 10361 4 13 3 0 0 3
S 10363 4 13 3 1 0 3
S 10372 4 13 3 2 0 3
S 10373 4 13 3 5 0 3
S 10374 4 13 3 6 0 3
S 10375 4 15 4 3 3 0
E 10375
S 10376 4 15 4 0 3 0
S 10395 4 14 4 0 1 3
S 10397 4 13 4 0 1 3
S 10399 4 13 4 1 1 3
S 10408 4 13 4 2 1 3
S 10409 4 13 4 5 1 3
S 10410 4 13 4 6 1 3
S 10411 4 15 5 3 3 0
E 10411
S 10412 4 15 5 0 3 0
S 10431 4 14 5 0 5 3
S 10433 4 13 5 0 5 3
S 10435 4 12 5 0 5 3
S 10437 4 12 5 1 5 3
S 10446 4 12 5 2 5 3
S 10447 4 12 5 5 5 3
S 10448 4 12 5 6 5 3
S 10449 4 15 6 3 3 0
E 10449
S 10450 4 15 6 0 3 0
S 10471 4 14 6 0 6 3
S 10473 4 13 6 0 6 3
S 10475 4 12 6 0 6 3
S 10477 4 11 6 0 6 3
S 10479 4 11 6 1 6 3
S 10489 4 11 6 2 6 3
S 10490 4 11 6 5 6 3
S 10491 4 11 6 6 6 3
S 10492 4 15 7 3 3 0
E 10492
S 10493 4 15 7 0 3 0
S 10509 4 14 7 0 2 3
S 10511 4 13 7 0 2 3
S 10513 4 13 7 1 2 3
S 10522 4 13 7 2 2 3
S 10523 4 13 7 5 2 3
S 10524 4 13 7 6 2 3
S 10525 4 15 8 3 3 0
E 10525
S 10526 4 15 8 0 3 0
S 10541 4 14 8 0 3 3
S 10543 4 13 8 0 3 3
S 10545 4 13 8 1 3 3
S 10554 4 13 8 2 3 3
S 10555 4 13 8 5 3 3
S 10556 4 13 8 6 3 3
S 10557 4 15 9 3 3 0
E 10557
S 10558 4 15 9 0 3 0
S 10573 4 15 9 1 3 3
S 10582 4 15 9 2 3 3
S 10583 4 15 9 5 3 3
S 10584 4 15 9 6 3 3
S 10585 5 15 10 4 3 0
S 10586 7 15 10 4 3 0
S 10690 3 15 10 4 3 0
S 10691 8 15 2 6 3 0
INIT 21 at 10691 pc 10->2
S 10907 4 15 2 6 3 0
E 10907
S 10908 4 15 3 3 3 0
S 10909 4 15 3 0 3 0
S 10923 4 14 3 0 3 3
S 10925 4 13 3 0 3 3
S 10927 4 12 3 0 3 3
S 10929 4 12 3 1 3 3
S 10938 4 12 3 2 3 3
S 10939 4 12 3 5 3 3
S 10940 4 12 3 6 3 3
S 10941 4 15 4 3 3 0
E 10941
S 10942 4 15 4 0 3 0
S 10963 4 14 4 0 0 3
S 10965 4 13 4 0 0 3
S 10967 4 13 4 1 0 3
S 10976 4 13 4 2 0 3
S 10977 4 13 4 5 0 3
S 10978 4 13 4 6 0 3
S 10979 4 15 5 3 3 0
E 10979
S 10980 4 15 5 0 3 0
S 10999 4 14 5 0 1 3
S 11001 4 13 5 0 1 3
S 11003 4 12 5 0 1 3
S 11005 4 11 5 0 1 3
S 11007 4 10 5 0 1 3
S 11009 4 10 5 1 1 3
S 11020 4 10 5 2 1 3
S 11021 4 10 5 5 1 3
S 11022 4 10 5 6 1 3
S 11023 4 15 6 3 3 0
E 11023
S 11024 4 15 6 0 3 0
S 11043 4 14 6 0 5 3
S 11045 4 13 6 0 5 3
S 11047 4 13 6 1 5 3
S 11056 4 13 6 2 5 3
S 11057 4 13 6 5 5 3
S 11058 4 13 6 6 5 3
S 11059 4 15 7 3 3 0
E 11059
S 11060 4 15 7 0 3 0
S 11077 4 14 7 0 2 3
S 11079 4 13 7 0 2 3
S 11081 4 13 7 1 2 3
S 11090 4 13 7 2 2 3
S 11091 4 13 7 5 2 3
S 11092 4 13 7 6 2 3
S 11093 4 15 8 3 3 0
E 11093
S 11094 4 15 8 0 3 0
S 11109 4 14 8 0 3 3
S 11111 4 14 8 1 3 3
S 11120 4 14 8 2 3 3
S 11121 4 14 8 5 3 3
S 11122 4 14 8 6 3 3
S 11123 5 15 9 4 3 0
S 11124 7 15 9 4 3 0
S 11324 1 15 9 4 3 0
S 11340 2 15 9 4 3 0
S 11343 3 15 9 4 3 0
S 11344 8 15 2 6 3 0
INIT 22 at 11344 pc 9->2
S 11559 4 15 2 6 3 0
E 11559
S 11560 4 15 3 3 3 0
S 11561 4 15 3 0 3 0
S 11577 4 14 3 0 4 3
S 11579 4 13 3 0 4 3
S 11581 4 13 3 1 4 3
S 11590 4 13 3 2 4 3
S 11591 4 13 3 5 4 3
S 11592 4 13 3 6 4 3
S 11593 4 15 4 3 3 0
E 11593
S 11594 4 15 4 0 3 0
S 11609 4 14 4 0 3 3
S 11611 4 13 4 0 3 3
S 11613 4 13 4 1 3 3
S 11622 4 13 4 2 3 3
S 11623 4 13 4 5 3 3
S 11624 4 13 4 6 3 3
S 11625 4 15 5 3 3 0
E 11625
S 11626 4 15 5 0 3 0
S 11641 4 15 5 1 3 3
S 11650 4 15 5 2 3 3
S 11651 4 15 5 5 3 3
S 11652 4 15 5 6 3 3
S 11653 5 15 6 4 3 0
S 11654 7 15 6 4 3 0
S 11752 3 15 6 4 3 0
S 11753 8 15 2 6 3 0
INIT 23 at 11753 pc 6->2
S 11974 4 15 2 6 3 0
E 11974
S 11975 4 15 3 3 3 0
S 11976 4 15 3 0 3 0
S 11993 4 14 3 0 5 3
S 11995 4 13 3 0 5 3
S 11997 4 12 3 0 5 3
S 11999 4 11 3 0 5 3
S 12001 4 10 3 0 5 3
S 12003 4 10 3 1 5 3
S 12014 4 10 3 2 5 3
S 12015 4 10 3 5 5 3
S 12016 4 10 3 6 5 3
S 12017 4 15 4 3 3 0
E 12017
S 12018 4 15 4 0 3 0
S 12033 4 14 4 0 3 3
S 12035 4 13 4 0 3 3
S 12037 4 13 4 1 3 3
S 12046 4 13 4 2 3 3
S 12047 4 13 4 5 3 3
S 12048 4 13 4 6 3 3
S 12049 4 15 5 3 3 0
E 12049
S 12050 4 15 5 0 3 0
S 12065 4 15 5 1 3 3
S 12074 4 15 5 2 3 3
S 12075 4 15 5 5 3 3
S 12076 4 15 5 6 3 3
S 12077 5 15 6 4 3 0
S 12078 7 15 6 4 3 0
S 12183 3 15 6 4 3 0
S 12184 8 15 2 6 3 0
INIT 24 at 12184 pc 6->2
S 12401 4 15 2 6 3 0
E 12401
S 12402 4 15 3 3 3 0
S 12403 4 15 3 0 3 0
S 12419 4 14 3 0 2 3
S 12421 4 13 3 0 2 3
S 12423 4 13 3 1 2 3
S 12432 4 13 3 2 2 3
S 12433 4 13 3 5 2 3
S 12434 4 13 3 6 2 3
S 12435 4 15 4 3 3 0
E 12435
S 12436 4 15 4 0 3 0
S 12453 4 14 4 0 4 3
S 12455 4 13 4 0 4 3
S 12457 4 13 4 1 4 3
S 12466 4 13 4 2 4 3
S 12467 4 13 4 5 4 3
S 12468 4 13 4 6 4 3
S 12469 4 15 5 3 3 0
E 12469
S 12470 4 15 5 0 3 0
S 12485 4 14 5 0 3 3
S 12487 4 13 5 0 3 3
S 12489 4 13 5 1 3 3
S 12498 4 13 5 2 3 3
S 12499 4 13 5 5 3 3
S 12500 4 13 5 6 3 3
S 12501 4 15 6 3 3 0
E 12501
S 12502 4 15 6 0 3 0
S 12517 4 15 6 1 3 3
S 12526 4 15 6 2 3 3
S 12527 4 15 6 5 3 3
S 12528 4 15 6 6 3 3
S 12529 5 15 7 4 3 0
S 12530 7 15 7 4 3 0
S 12738 1 15 7 4 3 0
S 12754 2 15 7 4 3 0
S 12757 3 15 7 4 3 0
S 12758 8 15 2 6 3 0
INIT 25 at 12758 pc 7->2
S 12972 4 15 2 6 3 0
E 12972
S 12973 4 15 3 3 3 0
S 12974 4 15 3 0 3 0
S 12991 4 14 3 0 1 3
S 12993 4 13 3 0 1 3
S 12995 4 13 3 1 1 3
S 13004 4 13 3 2 1 3
S 13005 4 13 3 5 1 3
S 13006 4 13 3 6 1 3
S 13007 4 15 4 3 3 0
E 13007
S 13008 4 15 4 0 3 0
S 13031 4 14 4 0 7 3
S 13033 4 13 4 0 7 3
S 13035 4 13 4 1 7 3
S 13044 4 13 4 2 7 3
S 13045 4 13 4 5 7 3
S 13046 4 13 4 6 7 3
S 13047 4 15 5 3 3 0
E 13047
S 13048 4 15 5 0 3 0
S 13067 4 14 5 0 5 3
S 13069 4 13 5 0 5 3
S 13071 4 13 5 1 5 3
S 13080 4 13 5 2 5 3
S 13081 4 13 5 5 5 3
S 13082 4 13 5 6 5 3
S 13083 4 15 6 3 3 0
E 13083
S 13084 4 15 6 0 3 0
S 13099 4 14 6 0 3 3
S 13101 4 13 6 0 3 3
S 13103 4 13 6 1 3 3
S 13112 4 13 6 2 3 3
S 13113 4 13 6 5 3 3
S 13114 4 13 6 6 3 3
S 13115 4 15 7 3 3 0
E 13115
S 13116 4 15 7 0 3 0
S 13131 4 15 7 1 3 3
S 13140 4 15 7 2 3 3
S 13141 4 15 7 5 3 3
S 13142 4 15 7 6 3 3
S 13143 5 15 8 4 3 0
S 13144 7 15 8 4 3 0
S 13245 3 15 8 4 3 0
S 13246 8 15 2 6 3 0
INIT 26 at 13246 pc 8->2
S 13461 4 15 2 6 3 0
E 13461
S 13462 4 15 3 3 3 0
S 13463 4 15 3 0 3 0
S 13479 4 14 3 0 2 3
S 13481 4 13 3 0 2 3
S 13483 4 12 3 0 2 3
S 13485 4 11 3 0 2 3
S 13487 4 11 3 1 2 3
S 13497 4 11 3 2 2 3
S 13498 4 11 3 5 2 3
S 13499 4 11 3 6 2 3
S 13500 4 15 4 3 3 0
E 13500
S 13501 4 15 4 0 3 0
S 13515 4 14 4 0 3 3
S 13517 4 13 4 0 3 3
S 13519 4 12 4 0 3 3
S 13521 4 11 4 0 3 3
S 13523 4 11 4 1 3 3
S 13533 4 11 4 2 3 3
S 13534 4 11 4 5 3 3
S 13535 4 11 4 6 3 3
S 13536 4 15 5 3 3 0
E 13536
S 13537 4 15 5 0 3 0
S 13553 4 14 5 0 2 3
S 13555 4 13 5 0 2 3
S 13557 4 13 5 1 2 3
S 13566 4 13 5 2 2 3
S 13567 4 13 5 5 2 3
S 13568 4 13 5 6 2 3
S 13569 4 15 6 3 3 0
E 13569
S 13570 4 15 6 0 3 0
S 13585 4 14 6 0 3 3
S 13587 4 13 6 0 3 3
S 13589 4 13 6 1 3 3
S 13598 4 13 6 2 3 3
S 13599 4 13 6 5 3 3
S 13600 4 13 6 6 3 3
S 13601 4 15 7 3 3 0
E 13601
S 13602 4 15 7 0 3 0
S 13617 4 15 7 1 3 3
S 13626 4 15 7 2 3 3
S 13627 4 15 7 5 3 3
S 13628 4 15 7 6 3 3
S 13629 5 15 8 4 3 0
S 13630 7 15 8 4 3 0
S 13734 3 15 8 4 3 0
S 13735 8 15 2 6 3 0
INIT 27 at 13735 pc 8->2
S 13955 4 15 2 6 3 0
E 13955
S 13956 4 15 3 3 3 0
S 13957 4 15 3 0 3 0
S 13975 4 14 3 0 1 3
S 13977 4 13 3 0 1 3
S 13979 4 12 3 0 1 3
S 13981 4 12 3 1 1 3
S 13990 4 12 3 2 1 3
S 13991 4 12 3 5 1 3
S 13992 4 12 3 6 1 3
S 13993 4 15 4 3 3 0
E 13993
S 13994 4 15 4 0 3 0
S 14011 4 14 4 0 2 3
S 14013 4 13 4 0 2 3
S 14015 4 13 4 1 2 3
S 14024 4 13 4 2 2 3
S 14025 4 13 4 5 2 3
S 14026 4 13 4 6 2 3
S 14027 4 15 5 3 3 0
E 14027
S 14028 4 15 5 0 3 0
S 14043 4 14 5 0 3 3
S 14045 4 13 5 0 3 3
S 14047 4 13 5 1 3 3
S 14056 4 13 5 2 3 3
S 14057 4 13 5 5 3 3
S 14058 4 13 5 6 3 3
S 14059 4 15 6 3 3 0
E 14059
S 14060 4 15 6 0 3 0
S 14075 4 15 6 1 3 3
S 14084 4 15 6 2 3 3
S 14085 4 15 6 5 3 3
S 14086 4 15 6 6 3 3
S 14087 5 15 7 4 3 0
S 14088 7 15 7 4 3 0
S 14292 1 15 7 4 3 0
S 14308 2 15 7 4 3 0
S 14311 3 15 7 4 3 0
S 14312 8 15 2 6 3 0
INIT 28 at 14312 pc 7->2
S 14526 4 15 2 6 3 0
E 14526
S 14527 4 15 3 3 3 0
S 14528 4 15 3 0 3 0
S 14547 4 14 3 0 0 3
S 14549 4 13 3 0 0 3
S 14551 4 12 3 0 0 3
S 14553 4 12 3 1 0 3
S 14562 4 12 3 2 0 3
S 14563 4 12 3 5 0 3
S 14564 4 12 3 6 0 3
S 14565 4 15 4 3 3 0
E 14565
S 14566 4 15 4 0 3 0
S 14583 4 14 4 0 2 3
S 14585 4 13 4 0 2 3
S 14587 4 12 4 0 2 3
S 14589 4 12 4 1 2 3
S 14598 4 12 4 2 2 3
S 14599 4 12 4 5 2 3
S 14600 4 12 4 6 2 3
S 14601 4 15 5 3 3 0
E 14601
S 14602 4 15 5 0 3 0
S 14617 4 14 5 0 3 3
S 14619 4 13 5 0 3 3
S 14621 4 13 5 1 3 3
S 14630 4 13 5 2 3 3
S 14631 4 13 5 5 3 3
S 14632 4 13 5 6 3 3
S 14633 4 15 6 3 3 0
E 14633
S 14634 4 15 6 0 3 0
S 14649 4 15 6 1 3 3
S 14658 4 15 6 2 3 3
S 14659 4 15 6 5 3 3
S 14660 4 15 6 6 3 3
S 14661 5 15 7 4 3 0
S 14662 7 15 7 4 3 0
S 14767 3 15 7 4 3 0
S 14768 8 15 2 6 3 0
INIT 29 at 14768 pc 7->2
S 14982 4 15 2 6 3 0
E 14982
S 14983 4 15 3 3 3 0
S 14984 4 15 3 0 3 0
S 15003 4 14 3 0 0 3
S 15005 4 13 3 0 0 3
S 15007 4 12 3 0 0 3
S 15009 4 11 3 0 0 3
S 15011 4 11 3 1 0 3
S 15021 4 11 3 2 0 3
S 15022 4 11 3 5 0 3
S 15023 4 11 3 6 0 3
S 15024 4 15 4 3 3 0
E 15024
S 15025 4 15 4 0 3 0
S 15041 4 14 4 0 2 3
S 15043 4 13 4 0 2 3
S 15045 4 13 4 1 2 3
S 15054 4 13 4 2 2 3
S 15055 4 13 4 5 2 3
S 15056 4 13 4 6 2 3
S 15057 4 15 5 3 3 0
E 15057
S 15058 4 15 5 0 3 0
S 15073 4 14 5 0 3 3
S 15075 4 13 5 0 3 3
S 15077 4 13 5 1 3 3
S 15086 4 13 5 2 3 3
S 15087 4 13 5 5 3 3
S 15088 4 13 5 6 3 3
S 15089 4 15 6 3 3 0
E 15089
S 15090 4 15 6 0 3 0
S 15105 4 15 6 1 3 3
S 15114 4 15 6 2 3 3
S 15115 4 15 6 5 3 3
S 15116 4 15 6 6 3 3
S 15117 5 15 7 4 3 0
S 15118 7 15 7 4 3 0
S 15223 3 15 7 4 3 0
S 15224 8 15 2 6 3 0
INIT 30 at 15224 pc 7->2
S 15438 4 15 2 6 3 0
E 15438
S 15439 4 15 3 3 3 0
S 15440 4 15 3 0 3 0
S 15461 4 14 3 0 7 3
S 15463 4 13 3 0 7 3
S 15465 4 13 3 1 7 3
S 15474 4 13 3 2 7 3
S 15475 4 13 3 5 7 3
S 15476 4 13 3 6 7 3
S 15477 4 15 4 3 3 0
E 15477
S 15478 4 15 4 0 3 0
S 15499 4 14 4 0 6 3
S 15501 4 13 4 0 6 3
S 15503 4 13 4 1 6 3
S 15512 4 13 4 2 6 3
S 15513 4 13 4 5 6 3
S 15514 4 13 4 6 6 3
S 15515 4 15 5 3 3 0
E 15515
S 15516 4 15 5 0 3 0
S 15533 4 14 5 0 2 3
S 15535 4 13 5 0 2 3
S 15537 4 13 5 1 2 3
S 15546 4 13 5 2 2 3
S 15547 4 13 5 5 2 3
S 15548 4 13 5 6 2 3
S 15549 4 15 6 3 3 0
E 15549
S 15550 4 15 6 0 3 0
S 15565 4 14 6 0 3 3
S 15567 4 13 6 0 3 3
S 15569 4 13 6 1 3 3
S 15578 4 13 6 2 3 3
S 15579 4 13 6 5 3 3
S 15580 4 13 6 6 3 3
S 15581 4 15 7 3 3 0
E 15581
S 15582 4 15 7 0 3 0
S 15597 4 15 7 1 3 3
S 15606 4 15 7 2 3 3
S 15607 4 15 7 5 3 3
S 15608 4 15 7 6 3 3
S 15609 5 15 8 4 3 0
S 15610 7 15 8 4 3 0
S 15807 1 15 8 4 3 0
S 15823 2 15 8 4 3 0
S 15826 3 15 8 4 3 0
S 15827 8 15 2 6 3 0
INIT 31 at 15827 pc 8->2
S 16041 4 15 2 6 3 0
E 16041
S 16042 4 15 3 3 3 0
S 16043 4 15 3 0 3 0
S 16063 4 14 3 0 0 3
S 16065 4 13 3 0 0 3
S 16067 4 12 3 0 0 3
S 16069 4 12 3 1 0 3
S 16078 4 12 3 2 0 3
S 16079 4 12 3 5 0 3
S 16080 4 12 3 6 0 3
S 16081 4 15 4 3 3 0
E 16081
S 16082 4 15 4 0 3 0
S 16101 4 14 4 0 1 3
S 16103 4 13 4 0 1 3
S 16105 4 13 4 1 1 3
S 16134 4 13 4 2 1 3
S 16135 4 13 4 5 1 3
S 16136 4 13 4 6 1 3
S 16137 4 15 5 3 3 0
E 16137
S 16138 4 15 5 0 3 0
S 16157 4 14 5 0 1 3
S 16159 4 13 5 0 1 3
S 16161 4 12 5 0 1 3
S 16163 4 11 5 0 1 3
S 16165 4 11 5 1 1 3
S 16175 4 11 5 2 1 3
S 16176 4 11 5 5 1 3
S 16177 4 11 5 6 1 3
S 16178 4 15 6 3 3 0
E 16178
S 16179 4 15 6 0 3 0
S 16197 4 14 6 0 1 3
S 16199 4 13 6 0 1 3
S 16201 4 13 6 1 1 3
S 16210 4 13 6 2 1 3
S 16211 4 13 6 5 1 3
S 16212 4 13 6 6 1 3
S 16213 4 15 7 3 3 0
E 16213
S 16214 4 15 7 0 3 0
S 16229 4 14 7 0 3 3
S 16231 4 13 7 0 3 3
S 16233 4 12 7 0 3 3
S 16235 4 11 7 0 3 3
S 16237 4 11 7 1 3 3
S 16248 4 11 7 2 3 3
S 16249 4 11 7 5 3 3
S 16250 4 11 7 6 3 3
S 16251 4 15 8 3 3 0
E 16251
S 16252 4 15 8 0 3 0
S 16269 4 14 8 0 4 3
S 16271 4 13 8 0 4 3
S 16273 4 12 8 0 4 3
S 16275 4 12 8 1 4 3
S 16304 4 12 8 2 4 3
S 16305 4 12 8 5 4 3
S 16306 4 12 8 6 4 3
S 16307 4 15 9 3 3 0
E 16307
S 16308 4 15 9 0 3 0
S 16325 4 14 9 0 4 3
S 16327 4 13 9 0 4 3
S 16329 4 12 9 0 4 3
S 16331 4 11 9 0 4 3
S 16333 4 10 9 0 4 3
S 16335 4 10 9 1 4 3
S 16346 4 10 9 2 4 3
S 16347 4 10 9 5 4 3
S 16348 4 10 9 6 4 3
S 16349 4 15 10 3 3 0
E 16349
S 16350 4 15 10 0 3 0
S 16367 4 14 10 0 4 3
S 16369 4 13 10 0 4 3
S 16371 4 12 10 0 4 3
S 16373 4 12 10 1 4 3
S 16382 4 12 10 2 4 3
S 16383 4 12 10 5 4 3
S 16384 4 12 10 6 4 3
S 16385 4 15 11 3 3 0
E 16385
S 16386 4 15 11 0 3 0
S 16409 4 14 11 0 7 3
S 16411 4 13 11 0 7 3
S 16413 4 13 11 1 7 3
S 16422 4 13 11 2 7 3
S 16423 4 13 11 5 7 3
S 16424 4 13 11 6 7 3
S 16425 4 15 12 3 3 0
E 16425
S 16426 4 15 12 0 3 0
S 16443 4 14 12 0 2 3
S 16445 4 13 12 0 2 3
S 16447 4 13 12 1 2 3
S 16456 4 13 12 2 2 3
S 16457 4 13 12 5 2 3
S 16458 4 13 12 6 2 3
S 16459 4 15 13 3 3 0
E 16459
S 16460 4 15 13 0 3 0
S 16481 4 14 13 0 6 3
S 16483 4 13 13 0 6 3
S 16485 4 13 13 1 6 3
S 16494 4 13 13 2 6 3
S 16495 4 13 13 5 6 3
S 16496 4 13 13 6 6 3
S 16497 4 15 14 3 3 0
E 16497
S 16498 4 15 14 0 3 0
S 16513 4 14 14 0 3 3
S 16515 4 13 14 0 3 3
S 16517 4 13 14 1 3 3
S 16562 4 13 14 2 3 3
S 16563 4 13 14 5 3 3
S 16564 4 13 14 6 3 3
S 16565 4 15 15 3 3 0
E 16565
S 16566 4 15 15 0 3 0
S 16587 4 14 15 0 0 3
S 16589 4 13 15 0 0 3
S 16591 4 13 15 1 0 3
S 16601 4 13 15 2 0 3
S 16602 4 13 15 5 0 3
S 16603 4 13 15 6 0 3
S 16604 4 15 16 3 3 0
E 16604
S 16605 4 15 16 0 3 0
S 16623 4 14 16 0 1 3
S 16625 4 14 16 1 1 3
S 16634 4 14 16 2 1 3
S 16635 4 14 16 5 1 3
S 16636 4 14 16 6 1 3
S 16637 4 15 17 3 3 0
E 16637
S 16638 4 15 17 0 3 0
S 16655 4 14 17 0 2 3
S 16657 4 14 17 1 2 3
S 16666 4 14 17 2 2 3
S 16667 4 14 17 5 2 3
S 16668 4 14 17 6 2 3
S 16669 4 15 18 3 3 0
E 16669
S 16670 4 15 18 0 3 0
S 16687 4 14 18 0 4 3
S 16689 4 14 18 1 4 3
S 16698 4 14 18 2 4 3
S 16699 4 14 18 5 4 3
S 16700 4 14 18 6 4 3
S 16701 5 15 19 4 3 0
S 16702 7 15 19 4 3 0
S 16810 3 15 19 4 3 0
S 16811 8 15 2 6 3 0
INIT 32 at 16811 pc 19->2
S 17025 4 15 2 6 3 0
E 17025
S 17026 4 15 3 3 3 0
S 17027 4 15 3 0 3 0
S 17045 4 14 3 0 5 3
S 17047 4 13 3 0 5 3
S 17049 4 12 3 0 5 3
S 17051 4 11 3 0 5 3
S 17053 4 11 3 1 5 3
S 17063 4 11 3 2 5 3
S 17064 4 11 3 5 5 3
S 17065 4 11 3 6 5 3
S 17066 4 15 4 3 3 0
E 17066
S 17067 4 15 4 0 3 0
S 17087 4 14 4 0 6 3
S 17089 4 13 4 0 6 3
S 17091 4 13 4 1 6 3
S 17100 4 13 4 2 6 3
S 17101 4 13 4 5 6 3
S 17102 4 13 4 6 6 3
S 17103 4 15 5 3 3 0
E 17103
S 17104 4 15 5 0 3 0
S 17119 4 14 5 0 3 3
S 17121 4 13 5 0 3 3
S 17123 4 13 5 1 3 3
S 17132 4 13 5 2 3 3
S 17133 4 13 5 5 3 3
S 17134 4 13 5 6 3 3
S 17135 4 15 6 3 3 0
E 17135
S 17136 4 15 6 0 3 0
S 17151 4 15 6 1 3 3
S 17160 4 15 6 2 3 3
S 17161 4 15 6 5 3 3
S 17162 4 15 6 6 3 3
S 17163 5 15 7 4 3 0
S 17164 7 15 7 4 3 0
S 17266 3 15 7 4 3 0
S 17267 8 15 2 6 3 0
INIT 33 at 17267 pc 7->2
S 17481 4 15 2 6 3 0
E 17481
S 17482 4 15 3 3 3 0
S 17483 4 15 3 0 3 0
S 17497 4 14 3 0 3 3
S 17499 4 13 3 0 3 3
S 17501 4 12 3 0 3 3
S 17503 4 12 3 1 3 3
S 17512 4 12 3 2 3 3
S 17513 4 12 3 5 3 3
S 17514 4 12 3 6 3 3
S 17515 4 15 4 3 3 0
E 17515
S 17516 4 15 4 0 3 0
S 17533 4 14 4 0 4 3
S 17535 4 13 4 0 4 3
S 17537 4 12 4 0 4 3
S 17539 4 12 4 1 4 3
S 17548 4 12 4 2 4 3
S 17549 4 12 4 5 4 3
S 17550 4 12 4 6 4 3
S 17551 4 15 5 3 3 0
E 17551
S 17552 4 15 5 0 3 0
S 17573 4 14 5 0 0 3
S 17575 4 13 5 0 0 3
S 17577 4 12 5 0 0 3
S 17579 4 12 5 1 0 3
S 17588 4 12 5 2 0 3
S 17589 4 12 5 5 0 3
S 17590 4 12 5 6 0 3
S 17591 4 15 6 3 3 0
E 17591
S 17592 4 15 6 0 3 0
S 17615 4 14 6 0 7 3
S 17617 4 13 6 0 7 3
S 17619 4 13 6 1 7 3
S 17628 4 13 6 2 7 3
S 17629 4 13 6 5 7 3
S 17630 4 13 6 6 7 3
S 17631 4 15 7 3 3 0
E 17631
S 17632 4 15 7 0 3 0
S 17651 4 14 7 0 1 3
S 17653 4 13 7 0 1 3
S 17655 4 13 7 1 1 3
S 17664 4 13 7 2 1 3
S 17665 4 13 7 5 1 3
S 17666 4 13 7 6 1 3
S 17667 4 15 8 3 3 0
E 17667
S 17668 4 15 8 0 3 0
S 17685 4 14 8 0 2 3
S 17687 4 13 8 0 2 3
S 17689 4 12 8 0 2 3
S 17691 4 12 8 1 2 3
S 17700 4 12 8 2 2 3
S 17701 4 12 8 5 2 3
S 17702 4 12 8 6 2 3
S 17703 4 15 9 3 3 0
E 17703
S 17704 4 15 9 0 3 0
S 17719 4 14 9 0 3 3
S 17721 4 14 9 1 3 3
S 17730 4 14 9 2 3 3
S 17731 4 14 9 5 3 3
S 17732 4 14 9 6 3 3
S 17733 5 15 10 4 3 0
S 17734 7 15 10 4 3 0
S 17930 1 15 10 4 3 0
S 17946 2 15 10 4 3 0
S 17949 3 15 10 4 3 0
S 17950 8 15 2 6 3 0
INIT 34 at 17950 pc 10->2
S 18164 4 15 2 6 3 0
E 18164
S 18165 4 15 3 3 3 0
S 18166 4 15 3 0 3 0
S 18185 4 14 3 0 0 3
S 18187 4 13 3 0 0 3
S 18189 4 12 3 0 0 3
S 18191 4 12 3 1 0 3
S 18200 4 12 3 2 0 3
S 18201 4 12 3 5 0 3
S 18202 4 12 3 6 0 3
S 18203 4 15 4 3 3 0
E 18203
S 18204 4 15 4 0 3 0
S 18225 4 14 4 0 0 3
S 18227 4 14 4 1 0 3
S 18236 4 14 4 2 0 3
S 18237 4 14 4 5 0 3
S 18238 4 14 4 6 0 3
S 18239 4 15 5 3 3 0
E 18239
S 18240 4 15 5 0 3 0
S 18255 4 14 5 0 3 3
S 18257 4 13 5 0 3 3
S 18259 4 13 5 1 3 3
S 18268 4 13 5 2 3 3
S 18269 4 13 5 5 3 3
S 18270 4 13 5 6 3 3
S 18271 4 15 6 3 3 0
E 18271
S 18272 4 15 6 0 3 0
S 18287 4 15 6 1 3 3
S 18296 4 15 6 2 3 3
S 18297 4 15 6 5 3 3
S 18298 4 15 6 6 3 3
S 18299 5 15 7 4 3 0
S 18300 7 15 7 4 3 0
S 18405 3 15 7 4 3 0
S 18406 8 15 2 6 3 0
INIT 35 at 18406 pc 7->2
S 18621 4 15 2 6 3 0
E 18621
S 18622 4 15 3 3 3 0
S 18623 4 15 3 0 3 0
S 18645 4 14 3 0 7 3
S 18647 4 13 3 0 7 3
S 18649 4 13 3 1 7 3
S 18658 4 13 3 2 7 3
S 18659 4 13 3 5 7 3
S 18660 4 13 3 6 7 3
S 18661 4 15 4 3 3 0
E 18661
S 18662 4 15 4 0 3 0
S 18677 4 14 4 0 3 3
S 18679 4 13 4 0 3 3
S 18681 4 12 4 0 3 3
S 18683 4 12 4 1 3 3
S 18692 4 12 4 2 3 3
S 18693 4 12 4 5 3 3
S 18694 4 12 4 6 3 3
S 18695 4 15 5 3 3 0
E 18695
S 18696 4 15 5 0 3 0
S 18715 4 14 5 0 5 3
S 18717 4 13 5 0 5 3
S 18719 4 13 5 1 5 3
S 18728 4 13 5 2 5 3
S 18729 4 13 5 5 5 3
S 18730 4 13 5 6 5 3
S 18731 4 15 6 3 3 0
E 18731
S 18732 4 15 6 0 3 0
S 18747 4 14 6 0 3 3
S 18749 4 14 6 1 3 3
S 18758 4 14 6 2 3 3
S 18759 4 14 6 5 3 3
S 18760 4 14 6 6 3 3
S 18761 5 15 7 4 3 0
S 18762 7 15 7 4 3 0
S 18862 3 15 7 4 3 0
S 18863 8 15 2 6 3 0
INIT 36 at 18863 pc 7->2
S 19077 4 15 2 6 3 0
E 19077
S 19078 4 15 3 3 3 0
S 19079 4 15 3 0 3 0
S 19095 4 14 3 0 4 3
S 19097 4 13 3 0 4 3
S 19099 4 13 3 1 4 3
S 19108 4 13 3 2 4 3
S 19109 4 13 3 5 4 3
S 19110 4 13 3 6 4 3
S 19111 4 15 4 3 3 0
E 19111
S 19112 4 15 4 0 3 0
S 19133 4 14 4 0 0 3
S 19135 4 13 4 0 0 3
S 19137 4 12 4 0 0 3
S 19139 4 12 4 1 0 3
S 19148 4 12 4 2 0 3
S 19149 4 12 4 5 0 3
S 19150 4 12 4 6 0 3
S 19151 4 15 5 3 3 0
E 19151
S 19152 4 15 5 0 3 0
S 19167 4 14 5 0 3 3
S 19169 4 13 5 0 3 3
S 19171 4 13 5 1 3 3
S 19180 4 13 5 2 3 3
S 19181 4 13 5 5 3 3
S 19182 4 13 5 6 3 3
S 19183 4 15 6 3 3 0
E 19183
S 19184 4 15 6 0 3 0
S 19199 4 15 6 1 3 3
S 19208 4 15 6 2 3 3
S 19209 4 15 6 5 3 3
S 19210 4 15 6 6 3 3
S 19211 5 15 7 4 3 0
S 19212 7 15 7 4 3 0
S 19414 1 15 7 4 3 0
S 19430 2 15 7 4 3 0
S 19433 3 15 7 4 3 0
S 19434 8 15 2 6 3 0
INIT 37 at 19434 pc 7->2
S 19649 4 15 2 6 3 0
E 19649
S 19650 4 15 3 3 3 0
S 19651 4 15 3 0 3 0
S 19669 4 14 3 0 5 3
S 19671 4 13 3 0 5 3
S 19673 4 12 3 0 5 3
S 19675 4 12 3 1 5 3
S 19684 4 12 3 2 5 3
S 19685 4 12 3 5 5 3
S 19686 4 12 3 6 5 3
S 19687 4 15 4 3 3 0
E 19687
S 19688 4 15 4 0 3 0
S 19707 4 14 4 0 1 3
S 19709 4 13 4 0 1 3
S 19711 4 13 4 1 1 3
S 19720 4 13 4 2 1 3
S 19721 4 13 4 5 1 3
S 19722 4 13 4 6 1 3
S 19723 4 15 5 3 3 0
E 19723
S 19724 4 15 5 0 3 0
S 19739 4 14 5 0 3 3
S 19741 4 13 5 0 3 3
S 19743 4 13 5 1 3 3
S 19752 4 13 5 2 3 3
S 19753 4 13 5 5 3 3
S 19754 4 13 5 6 3 3
S 19755 4 15 6 3 3 0
E 19755
S 19756 4 15 6 0 3 0
S 19771 4 15 6 1 3 3
S 19780 4 15 6 2 3 3
S 19781 4 15 6 5 3 3
S 19782 4 15 6 6 3 3
S 19783 5 15 7 4 3 0
S 19784 7 15 7 4 3 0
S 19890 3 15 7 4 3 0
S 19891 8 15 2 6 3 0
INIT 38 at 19891 pc 7->2
S 20105 4 15 2 6 3 0
E 20105
S 20106 4 15 3 3 3 0
S 20107 4 15 3 0 3 0
S 20123 4 14 3 0 4 3
S 20125 4 13 3 0 4 3
S 20127 4 13 3 1 4 3
S 20136 4 13 3 2 4 3
S 20137 4 13 3 5 4 3
S 20138 4 13 3 6 4 3
S 20139 4 15 4 3 3 0
E 20139
S 20140 4 15 4 0 3 0
S 20157 4 14 4 0 2 3
S 20159 4 13 4 0 2 3
S 20161 4 13 4 1 2 3
S 20170 4 13 4 2 2 3
S 20171 4 13 4 5 2 3
S 20172 4 13 4 6 2 3
S 20173 4 15 5 3 3 0
E 20173
S 20174 4 15 5 0 3 0
S 20189 4 14 5 0 3 3
S 20191 4 13 5 0 3 3
S 20193 4 13 5 1 3 3
S 20203 4 13 5 2 3 3
S 20204 4 13 5 5 3 3
S 20205 4 13 5 6 3 3
S 20206 4 15 6 3 3 0
E 20206
S 20207 4 15 6 0 3 0
S 20221 4 15 6 1 3 3
S 20230 4 15 6 2 3 3
S 20231 4 15 6 5 3 3
S 20232 4 15 6 6 3 3
S 20233 5 15 7 4 3 0
S 20234 7 15 7 4 3 0
S 20346 3 15 7 4 3 0
S 20347 8 15 2 6 3 0
INIT 39 at 20347 pc 7->2
S 20561 4 15 2 6 3 0
E 20561
S 20562 4 15 3 3 3 0
S 20563 4 15 3 0 3 0
S 20581 4 14 3 0 1 3
S 20583 4 13 3 0 1 3
S 20585 4 12 3 0 1 3
S 20587 4 11 3 0 1 3
S 20589 4 11 3 1 1 3
S 20599 4 11 3 2 1 3
S 20600 4 11 3 5 1 3
S 20601 4 11 3 6 1 3
S 20602 4 15 4 3 3 0
E 20602
S 20603 4 15 4 0 3 0
S 20625 4 14 4 0 7 3
S 20627 4 13 4 0 7 3
S 20629 4 12 4 0 7 3
S 20631 4 12 4 1 7 3
S 20640 4 12 4 2 7 3
S 20641 4 12 4 5 7 3
S 20642 4 12 4 6 7 3
S 20643 4 15 5 3 3 0
E 20643
S 20644 4 15 5 0 3 0
S 20665 4 14 5 0 0 3
S 20667 4 13 5 0 0 3
S 20669 4 12 5 0 0 3
S 20671 4 12 5 1 0 3
S 20681 4 12 5 2 0 3
S 20682 4 12 5 5 0 3
S 20683 4 12 5 6 0 3
S 20684 4 15 6 3 3 0
E 20684
S 20685 4 15 6 0 3 0
S 20703 4 14 6 0 1 3
S 20705 4 13 6 0 1 3
S 20707 4 13 6 1 1 3
S 20716 4 13 6 2 1 3
S 20717 4 13 6 5 1 3
S 20718 4 13 6 6 1 3
S 20719 4 15 7 3 3 0
E 20719
S 20720 4 15 7 0 3 0
S 20737 4 14 7 0 4 3
S 20739 4 13 7 0 4 3
S 20741 4 12 7 0 4 3
S 20743 4 11 7 0 4 3
S 20745 4 11 7 1 4 3
S 20755 4 11 7 2 4 3
S 20756 4 11 7 5 4 3
S 20757 4 11 7 6 4 3
S 20758 4 15 8 3 3 0
E 20758
S 20759 4 15 8 0 3 0
S 20773 4 14 8 0 3 3
S 20775 4 13 8 0 3 3
S 20777 4 13 8 1 3 3
S 20786 4 13 8 2 3 3
S 20787 4 13 8 5 3 3
S 20788 4 13 8 6 3 3
S 20789 4 15 9 3 3 0
E 20789
S 20790 4 15 9 0 3 0
S 20805 4 15 9 1 3 3
S 20814 4 15 9 2 3 3
S 20815 4 15 9 5 3 3
S 20816 4 15 9 6 3 3
S 20817 5 15 10 4 3 0
S 20818 7 15 10 4 3 0
S 21026 1 15 10 4 3 0
S 21042 2 15 10 4 3 0
S 21045 3 15 10 4 3 0
S 21046 8 15 2 6 3 0
INIT 40 at 21046 pc 10->2
S 21263 4 15 2 6 3 0
E 21263
S 21264 4 15 3 3 3 0
S 21265 4 15 3 0 3 0
S 21285 4 14 3 0 6 3
S 21287 4 13 3 0 6 3
S 21289 4 12 3 0 6 3
S 21291 4 12 3 1 6 3
S 21300 4 12 3 2 6 3
S 21301 4 12 3 5 6 3
S 21302 4 12 3 6 6 3
S 21303 4 15 4 3 3 0
E 21303
S 21304 4 15 4 0 3 0
S 21323 4 14 4 0 1 3
S 21325 4 13 4 0 1 3
S 21327 4 13 4 1 1 3
S 21336 4 13 4 2 1 3
S 21337 4 13 4 5 1 3
S 21338 4 13 4 6 1 3
S 21339 4 15 5 3 3 0
E 21339
S 21340 4 15 5 0 3 0
S 21357 4 14 5 0 2 3
S 21359 4 13 5 0 2 3
S 21361 4 12 5 0 2 3
S 21363 4 12 5 1 2 3
S 21372 4 12 5 2 2 3
S 21373 4 12 5 5 2 3
S 21374 4 12 5 6 2 3
S 21375 4 15 6 3 3 0
E 21375
S 21376 4 15 6 0 3 0
S 21391 4 14 6 0 3 3
S 21393 4 13 6 0 3 3
S 21395 4 12 6 0 3 3
S 21397 4 12 6 1 3 3
S 21406 4 12 6 2 3 3
S 21407 4 12 6 5 3 3
S 21408 4 12 6 6 3 3
S 21409 4 15 7 3 3 0
E 21409
S 21410 4 15 7 0 3 0
S 21433 4 14 7 0 7 3
S 21435 4 13 7 0 7 3
S 21437 4 12 7 0 7 3
S 21439 4 11 7 0 7 3
S 21441 4 11 7 1 7 3
S 21451 4 11 7 2 7 3
S 21452 4 11 7 5 7 3
S 21453 4 11 7 6 7 3
S 21454 4 15 8 3 3 0
E 21454
S 21455 4 15 8 0 3 0
S 21471 4 14 8 0 4 3
S 21473 4 13 8 0 4 3
S 21475 4 13 8 1 4 3
S 21484 4 13 8 2 4 3
S 21485 4 13 8 5 4 3
S 21486 4 13 8 6 4 3
S 21487 4 15 9 3 3 0
E 21487
S 21488 4 15 9 0 3 0
S 21503 4 14 9 0 3 3
S 21505 4 14 9 1 3 3
S 21514 4 14 9 2 3 3
S 21515 4 14 9 5 3 3
S 21516 4 14 9 6 3 3
S 21517 5 15 10 4 3 0
S 21518 7 15 10 4 3 0
S 21616 3 15 10 4 3 0
S 21617 8 15 2 6 3 0
INIT 41 at 21617 pc 10->2
S 21831 4 15 2 6 3 0
E 21831
S 21832 4 15 3 3 3 0
S 21833 4 15 3 0 3 0
S 21849 4 14 3 0 4 3
S 21851 4 13 3 0 4 3
S 21853 4 13 3 1 4 3
S 21862 4 13 3 2 4 3
S 21863 4 13 3 5 4 3
S 21864 4 13 3 6 4 3
S 21865 4 15 4 3 3 0
E 21865
S 21866 4 15 4 0 3 0
S 21887 4 14 4 0 0 3
S 21889 4 13 4 0 0 3
S 21891 4 12 4 0 0 3
S 21893 4 12 4 1 0 3
S 21902 4 12 4 2 0 3
S 21903 4 12 4 5 0 3
S 21904 4 12 4 6 0 3
S 21905 4 15 5 3 3 0
E 21905
S 21906 4 15 5 0 3 0
S 21923 4 14 5 0 2 3
S 21925 4 13 5 0 2 3
S 21927 4 12 5 0 2 3
S 21929 4 12 5 1 2 3
S 21938 4 12 5 2 2 3
S 21939 4 12 5 5 2 3
S 21940 4 12 5 6 2 3
S 21941 4 15 6 3 3 0
E 21941
S 21942 4 15 6 0 3 0
S 21957 4 14 6 0 3 3
S 21959 4 13 6 0 3 3
S 21961 4 13 6 1 3 3
S 21970 4 13 6 2 3 3
S 21971 4 13 6 5 3 3
S 21972 4 13 6 6 3 3
S 21973 4 15 7 3 3 0
E 21973
S 21974 4 15 7 0 3 0
S 21989 4 15 7 1 3 3
S 21998 4 15 7 2 3 3
S 21999 4 15 7 5 3 3
S 22000 4 15 7 6 3 3
S 22001 5 15 8 4 3 0
S 22002 7 15 8 4 3 0
S 22104 3 15 8 4 3 0
S 22105 8 15 2 6 3 0
INIT 42 at 22105 pc 8->2
S 22319 4 15 2 6 3 0
E 22319
S 22320 4 15 3 3 3 0
S 22321 4 15 3 0 3 0
S 22341 4 14 3 0 0 3
S 22343 4 13 3 0 0 3
S 22345 4 12 3 0 0 3
S 22347 4 12 3 1 0 3
S 22356 4 12 3 2 0 3
S 22357 4 12 3 5 0 3
S 22358 4 12 3 6 0 3
S 22359 4 15 4 3 3 0
E 22359
S 22360 4 15 4 0 3 0
S 22375 4 14 4 0 3 3
S 22377 4 13 4 0 3 3
S 22379 4 12 4 0 3 3
S 22381 4 12 4 1 3 3
S 22390 4 12 4 2 3 3
S 22391 4 12 4 5 3 3
S 22392 4 12 4 6 3 3
S 22393 4 15 5 3 3 0
E 22393
S 22394 4 15 5 0 3 0
S 22411 4 14 5 0 2 3
S 22413 4 13 5 0 2 3
S 22417 4 12 5 0 2 3
S 22419 4 12 5 1 2 3
S 22428 4 12 5 2 2 3
S 22429 4 12 5 5 2 3
S 22430 4 12 5 6 2 3
S 22431 4 15 6 3 3 0
E 22431
S 22432 4 15 6 0 3 0
S 22451 4 14 6 0 5 3
S 22453 4 13 6 0 5 3
S 22455 4 13 6 1 5 3
S 22464 4 13 6 2 5 3
S 22465 4 13 6 5 5 3
S 22466 4 13 6 6 5 3
S 22467 4 15 7 3 3 0
E 22467
S 22468 4 15 7 0 3 0
S 22489 4 14 7 0 0 3
S 22491 4 14 7 1 0 3
S 22500 4 14 7 2 0 3
S 22501 4 14 7 5 0 3
S 22502 4 14 7 6 0 3
S 22503 4 15 8 3 3 0
E 22503
S 22504 4 15 8 0 3 0
S 22523 4 14 8 0 1 3
S 22525 4 13 8 0 1 3
S 22527 4 13 8 1 1 3
S 22536 4 13 8 2 1 3
S 22537 4 13 8 5 1 3
S 22538 4 13 8 6 1 3
S 22539 4 15 9 3 3 0
E 22539
S 22540 4 15 9 0 3 0
S 22555 4 14 9 0 3 3
S 22557 4 14 9 1 3 3
S 22566 4 14 9 2 3 3
S 22567 4 14 9 5 3 3
S 22568 4 14 9 6 3 3
S 22569 5 15 10 4 3 0
S 22570 7 15 10 4 3 0
S 22768 1 15 10 4 3 0
S 22784 2 15 10 4 3 0
S 22787 3 15 10 4 3 0
S 22788 8 15 2 6 3 0
INIT 43 at 22788 pc 10->2
S 23002 4 15 2 6 3 0
E 23002
S 23003 4 15 3 3 3 0
S 23004 4 15 3 0 3 0
S 23021 4 14 3 0 5 3
S 23023 4 13 3 0 5 3
S 23025 4 13 3 1 5 3
S 23034 4 13 3 2 5 3
S 23035 4 13 3 5 5 3
S 23036 4 13 3 6 5 3
S 23037 4 15 4 3 3 0
E 23037
S 23038 4 15 4 0 3 0
S 23057 4 14 4 0 1 3
S 23059 4 13 4 0 1 3
S 23061 4 13 4 1 1 3
S 23070 4 13 4 2 1 3
S 23071 4 13 4 5 1 3
S 23072 4 13 4 6 1 3
S 23073 4 15 5 3 3 0
E 23073
S 23074 4 15 5 0 3 0
S 23089 4 14 5 0 3 3
S 23091 4 13 5 0 3 3
S 23093 4 13 5 1 3 3
S 23103 4 13 5 2 3 3
S 23104 4 13 5 5 3 3
S 23105 4 13 5 6 3 3
S 23106 4 15 6 3 3 0
E 23106
S 23107 4 15 6 0 3 0
S 23121 4 15 6 1 3 3
S 23130 4 15 6 2 3 3
S 23131 4 15 6 5 3 3
S 23132 4 15 6 6 3 3
S 23133 5 15 7 4 3 0
S 23134 7 15 7 4 3 0
S 23243 3 15 7 4 3 0
S 23244 8 15 2 6 3 0
INIT 44 at 23244 pc 7->2
S 23458 4 15 2 6 3 0
E 23458
S 23459 4 15 3 3 3 0
S 23460 4 15 3 0 3 0
S 23475 4 14 3 0 4 3
S 23477 4 13 3 0 4 3
S 23479 4 13 3 1 4 3
S 23488 4 13 3 2 4 3
S 23489 4 13 3 5 4 3
S 23490 4 13 3 6 4 3
S 23491 4 15 4 3 3 0
E 23491
S 23492 4 15 4 0 3 0
S 23511 4 14 4 0 1 3
S 23513 4 13 4 0 1 3
S 23515 4 13 4 1 1 3
S 23524 4 13 4 2 1 3
S 23525 4 13 4 5 1 3
S 23526 4 13 4 6 1 3
S 23527 4 15 5 3 3 0
E 23527
S 23528 4 15 5 0 3 0
S 23543 4 14 5 0 3 3
S 23545 4 13 5 0 3 3
S 23547 4 13 5 1 3 3
S 23556 4 13 5 2 3 3
S 23557 4 13 5 5 3 3
S 23558 4 13 5 6 3 3
S 23559 4 15 6 3 3 0
E 23559
S 23560 4 15 6 0 3 0
S 23575 4 15 6 1 3 3
S 23584 4 15 6 2 3 3
S 23585 4 15 6 5 3 3
S 23586 4 15 6 6 3 3
S 23587 5 15 7 4 3 0
S 23588 7 15 7 4 3 0
S 23699 3 15 7 4 3 0
S 23700 8 15 2 6 3 0
INIT 45 at 23700 pc 7->2
S 23914 4 15 2 6 3 0
E 23914
S 23915 4 15 3 3 3 0
S 23916 4 15 3 0 3 0
S 23937 4 14 3 0 7 3
S 23939 4 13 3 0 7 3
S 23941 4 13 3 1 7 3
S 23950 4 13 3 2 7 3
S 23951 4 13 3 5 7 3
S 23952 4 13 3 6 7 3
S 23953 4 15 4 3 3 0
E 23953
S 23954 4 15 4 0 3 0
S 23975 4 14 4 0 0 3
S 23977 4 13 4 0 0 3
S 23979 4 13 4 1 0 3
S 23988 4 13 4 2 0 3
S 23989 4 13 4 5 0 3
S 23990 4 13 4 6 0 3
S 23991 4 15 5 3 3 0
E 23991
S 23992 4 15 5 0 3 0
S 24007 4 14 5 0 3 3
S 24009 4 13 5 0 3 3
S 24011 4 13 5 1 3 3
S 24020 4 13 5 2 3 3
S 24021 4 13 5 5 3 3
S 24022 4 13 5 6 3 3
S 24023 4 15 6 3 3 0
E 24023
S 24024 4 15 6 0 3 0
S 24039 4 15 6 1 3 3
S 24048 4 15 6 2 3 3
S 24049 4 15 6 5 3 3
S 24050 4 15 6 6 3 3
S 24051 5 15 7 4 3 0
S 24052 7 15 7 4 3 0
S 24251 1 15 7 4 3 0
S 24267 2 15 7 4 3 0
S 24270 3 15 7 4 3 0
S 24271 8 15 2 6 3 0
INIT 46 at 24271 pc 7->2
S 24486 4 15 2 6 3 0
E 24486
S 24487 4 15 3 3 3 0
S 24488 4 15 3 0 3 0
S 24505 4 14 3 0 1 3
S 24507 4 13 3 0 1 3
S 24509 4 12 3 0 1 3
S 24511 4 12 3 1 1 3
S 24520 4 12 3 2 1 3
S 24521 4 12 3 5 1 3
S 24522 4 12 3 6 1 3
S 24523 4 15 4 3 3 0
E 24523
S 24524 4 15 4 0 3 0
S 24539 4 14 4 0 3 3
S 24541 4 13 4 0 3 3
S 24543 4 13 4 1 3 3
S 24552 4 13 4 2 3 3
S 24553 4 13 4 5 3 3
S 24554 4 13 4 6 3 3
S 24555 4 15 5 3 3 0
E 24555
S 24556 4 15 5 0 3 0
S 24571 4 15 5 1 3 3
S 24580 4 15 5 2 3 3
S 24581 4 15 5 5 3 3
S 24582 4 15 5 6 3 3
S 24583 5 15 6 4 3 0
S 24584 7 15 6 4 3 0
S 24695 3 15 6 4 3 0
S 24696 8 15 2 6 3 0
INIT 47 at 24696 pc 6->2
S 24912 4 15 2 6 3 0
E 24912
S 24913 4 15 3 3 3 0
S 24914 4 15 3 0 3 0
S 24931 4 14 3 0 5 3
S 24933 4 13 3 0 5 3
S 24935 4 13 3 1 5 3
S 24944 4 13 3 2 5 3
S 24945 4 13 3 5 5 3
S 24946 4 13 3 6 5 3
S 24947 4 15 4 3 3 0
E 24947
S 24948 4 15 4 0 3 0
S 24963 4 14 4 0 3 3
S 24965 4 13 4 0 3 3
S 24967 4 12 4 0 3 3
S 24969 4 12 4 1 3 3
S 24978 4 12 4 2 3 3
S 24979 4 12 4 5 3 3
S 24980 4 12 4 6 3 3
S 24981 4 15 5 3 3 0
E 24981
S 24982 4 15 5 0 3 0
S 24999 4 14 5 0 4 3
S 25001 4 13 5 0 4 3
S 25003 4 13 5 1 4 3
S 25013 4 13 5 2 4 3
S 25014 4 13 5 5 4 3
S 25015 4 13 5 6 4 3
S 25016 4 15 6 3 3 0
E 25016
S 25017 4 15 6 0 3 0
S 25031 4 14 6 0 3 3
S 25033 4 14 6 1 3 3
S 25042 4 14 6 2 3 3
S 25043 4 14 6 5 3 3
S 25044 4 14 6 6 3 3
S 25045 5 15 7 4 3 0
S 25046 7 15 7 4 3 0
S 25153 3 15 7 4 3 0
S 25154 8 15 2 6 3 0
INIT 48 at 25154 pc 7->2
S 25373 4 15 2 6 3 0
E 25373
S 25374 4 15 3 3 3 0
S 25375 4 15 3 0 3 0
S 25389 4 14 3 0 3 3
S 25391 4 13 3 0 3 3
S 25393 4 13 3 1 3 3
S 25402 4 13 3 2 3 3
S 25403 4 13 3 5 3 3
S 25404 4 13 3 6 3 3
S 25405 4 15 4 3 3 0
E 25405
S 25406 4 15 4 0 3 0
S 25421 4 15 4 1 3 3
S 25430 4 15 4 2 3 3
S 25431 4 15 4 5 3 3
S 25432 4 15 4 6 3 3
S 25433 5 15 5 4 3 0
S 25434 7 15 5 4 3 0
S 25630 1 15 5 4 3 0
S 25646 2 15 5 4 3 0
S 25649 3 15 5 4 3 0
S 25650 8 15 2 6 3 0
INIT 49 at 25650 pc 5->2
S 25865 4 15 2 6 3 0
E 25865
S 25866 4 15 3 3 3 0
S 25867 4 15 3 0 3 0
S 25887 4 14 3 0 0 3
S 25889 4 13 3 0 0 3
S 25891 4 12 3 0 0 3
S 25893 4 12 3 1 0 3
S 25902 4 12 3 2 0 3
S 25903 4 12 3 5 0 3
S 25904 4 12 3 6 0 3
S 25905 4 15 4 3 3 0
E 25905
S 25906 4 15 4 0 3 0
S 25921 4 14 4 0 3 3
S 25923 4 13 4 0 3 3
S 25925 4 13 4 1 3 3
S 25934 4 13 4 2 3 3
S 25935 4 13 4 5 3 3
S 25936 4 13 4 6 3 3
S 25937 4 15 5 3 3 0
E 25937
S 25938 4 15 5 0 3 0
S 25953 4 15 5 1 3 3
S 25962 4 15 5 2 3 3
S 25963 4 15 5 5 3 3
S 25964 4 15 5 6 3 3
S 25965 5 15 6 4 3 0
S 25966 7 15 6 4 3 0
S 26074 3 15 6 4 3 0
S 26075 8 15 2 6 3 0
INIT 50 at 26075 pc 6->2
S 26293 4 15 2 6 3 0
E 26293
S 26294 4 15 3 3 3 0
S 26295 4 15 3 0 3 0
S 26313 4 14 3 0 1 3
S 26315 4 13 3 0 1 3
S 26317 4 12 3 0 1 3
S 26319 4 12 3 1 1 3
S 26328 4 12 3 2 1 3
S 26329 4 12 3 5 1 3
S 26330 4 12 3 6 1 3
S 26331 4 15 4 3 3 0
E 26331
S 26332 4 15 4 0 3 0
S 26349 4 14 4 0 4 3
S 26351 4 13 4 0 4 3
S 26353 4 13 4 1 4 3
S 26362 4 13 4 2 4 3
S 26363 4 13 4 5 4 3
S 26364 4 13 4 6 4 3
S 26365 4 15 5 3 3 0
E 26365
S 26366 4 15 5 0 3 0
S 26383 4 14 5 0 2 3
S 26385 4 13 5 0 2 3
S 26387 4 13 5 1 2 3
S 26396 4 13 5 2 2 3
S 26397 4 13 5 5 2 3
S 26398 4 13 5 6 2 3
S 26399 4 15 6 3 3 0
E 26399
S 26400 4 15 6 0 3 0
S 26415 4 14 6 0 3 3
S 26417 4 13 6 0 3 3
S 26419 4 13 6 1 3 3
S 26428 4 13 6 2 3 3
S 26429 4 13 6 5 3 3
S 26430 4 13 6 6 3 3
S 26431 4 15 7 3 3 0
E 26431
S 26432 4 15 7 0 3 0
S 26447 4 15 7 1 3 3
S 26456 4 15 7 2 3 3
S 26457 4 15 7 5 3 3
S 26458 4 15 7 6 3 3
S 26459 5 15 8 4 3 0
S 26460 7 15 8 4 3 0
S 26566 3 15 8 4 3 0
S 26567 8 15 2 6 3 0
INIT 51 at 26567 pc 8->2
S 26781 4 15 2 6 3 0
E 26781
S 26782 4 15 3 3 3 0
S 26783 4 15 3 0 3 0
S 26803 4 14 3 0 6 3
S 26805 4 13 3 0 6 3
S 26807 4 13 3 1 6 3
S 26816 4 13 3 2 6 3
S 26817 4 13 3 5 6 3
S 26818 4 13 3 6 6 3
S 26819 4 15 4 3 3 0
E 26819
S 26820 4 15 4 0 3 0
S 26835 4 14 4 0 3 3
S 26837 4 13 4 0 3 3
S 26839 4 13 4 1 3 3
S 26848 4 13 4 2 3 3
S 26849 4 13 4 5 3 3
S 26850 4 13 4 6 3 3
S 26851 4 15 5 3 3 0
E 26851
S 26852 4 15 5 0 3 0
S 26867 4 15 5 1 3 3
S 26876 4 15 5 2 3 3
S 26877 4 15 5 5 3 3
S 26878 4 15 5 6 3 3
S 26879 5 15 6 4 3 0
S 26880 7 15 6 4 3 0
S 27086 1 15 6 4 3 0
S 27102 2 15 6 4 3 0
S 27105 3 15 6 4 3 0
S 27106 8 15 2 6 3 0
INIT 52 at 27106 pc 6->2
S 27320 4 15 2 6 3 0
E 27320
S 27321 4 15 3 3 3 0
S 27322 4 15 3 0 3 0
S 27335 4 14 3 0 3 3
S 27337 4 13 3 0 3 3
S 27339 4 12 3 0 3 3
S 27341 4 11 3 0 3 3
S 27343 4 10 3 0 3 3
S 27345 4 9 3 0 3 3
S 27347 4 9 3 1 3 3
S 27359 4 9 3 2 3 3
S 27360 4 9 3 5 3 3
S 27361 4 9 3 6 3 3
S 27362 4 15 4 3 3 0
E 27362
S 27363 4 15 4 0 3 0
S 27383 4 14 4 0 0 3
S 27385 4 13 4 0 0 3
S 27387 4 12 4 0 0 3
S 27389 4 11 4 0 0 3
S 27391 4 10 4 0 0 3
S 27393 4 10 4 1 0 3
S 27404 4 10 4 2 0 3
S 27405 4 10 4 5 0 3
S 27406 4 10 4 6 0 3
S 27407 4 15 5 3 3 0
E 27407
S 27408 4 15 5 0 3 0
S 27427 4 14 5 0 1 3
S 27429 4 13 5 0 1 3
S 27431 4 13 5 1 1 3
S 27440 4 13 5 2 1 3
S 27441 4 13 5 5 1 3
S 27442 4 13 5 6 1 3
S 27443 4 15 6 3 3 0
E 27443
S 27444 4 15 6 0 3 0
S 27461 4 14 6 0 2 3
S 27463 4 13 6 0 2 3
S 27465 4 12 6 0 2 3
S 27467 4 12 6 1 2 3
S 27476 4 12 6 2 2 3
S 27477 4 12 6 5 2 3
S 27478 4 12 6 6 2 3
S 27479 4 15 7 3 3 0
E 27479
S 27480 4 15 7 0 3 0
S 27495 4 14 7 0 3 3
S 27497 4 13 7 0 3 3
S 27499 4 12 7 0 3 3
S 27501 4 11 7 0 3 3
S 27503 4 11 7 1 3 3
S 27513 4 11 7 2 3 3
S 27514 4 11 7 5 3 3
S 27515 4 11 7 6 3 3
S 27516 4 15 8 3 3 0
E 27516
S 27517 4 15 8 0 3 0
S 27531 4 14 8 0 3 3
S 27533 4 13 8 0 3 3
S 27535 4 13 8 1 3 3
S 27544 4 13 8 2 3 3
S 27545 4 13 8 5 3 3
S 27546 4 13 8 6 3 3
S 27547 4 15 9 3 3 0
E 27547
S 27548 4 15 9 0 3 0
S 27563 4 15 9 1 3 3
S 27573 4 15 9 2 3 3
S 27574 4 15 9 5 3 3
S 27575 4 15 9 6 3 3
S 27576 5 15 10 4 3 0
S 27577 7 15 10 4 3 0
S 27689 3 15 10 4 3 0
S 27690 8 15 2 6 3 0
INIT 53 at 27690 pc 10->2
S 27904 4 15 2 6 3 0
E 27904
S 27905 4 15 3 3 3 0
S 27906 4 15 3 0 3 0
S 27919 4 14 3 0 3 3
S 27921 4 13 3 0 3 3
S 27923 4 12 3 0 3 3
S 27925 4 11 3 0 3 3
S 27927 4 11 3 1 3 3
S 27937 4 11 3 2 3 3
S 27938 4 11 3 5 3 3
S 27939 4 11 3 6 3 3
S 27940 4 15 4 3 3 0
E 27940
S 27941 4 15 4 0 3 0
S 27957 4 14 4 0 4 3
S 27959 4 13 4 0 4 3
S 27961 4 12 4 0 4 3
S 27963 4 12 4 1 4 3
S 27972 4 12 4 2 4 3
S 27973 4 12 4 5 4 3
S 27974 4 12 4 6 4 3
S 27975 4 15 5 3 3 0
E 27975
S 27976 4 15 5 0 3 0
S 27997 4 14 5 0 0 3
S 27999 4 13 5 0 0 3
S 28001 4 12 5 0 0 3
S 28003 4 11 5 0 0 3
S 28005 4 11 5 1 0 3
S 28015 4 11 5 2 0 3
S 28016 4 11 5 5 0 3
S 28017 4 11 5 6 0 3
S 28018 4 15 6 3 3 0
E 28018
S 28019 4 15 6 0 3 0
S 28033 4 14 6 0 3 3
S 28035 4 13 6 0 3 3
S 28037 4 13 6 1 3 3
S 28046 4 13 6 2 3 3
S 28047 4 13 6 5 3 3
S 28048 4 13 6 6 3 3
S 28049 4 15 7 3 3 0
E 28049
S 28050 4 15 7 0 3 0
S 28065 4 15 7 1 3 3
S 28074 4 15 7 2 3 3
S 28075 4 15 7 5 3 3
S 28076 4 15 7 6 3 3
S 28077 5 15 8 4 3 0
S 28078 7 15 8 4 3 0
S 28177 3 15 8 4 3 0
S 28178 8 15 2 6 3 0
INIT 54 at 28178 pc 8->2
S 28392 4 15 2 6 3 0
E 28392
S 28393 4 15 3 3 3 0
S 28394 4 15 3 0 3 0
S 28411 4 14 3 0 1 3
S 28413 4 13 3 0 1 3
S 28415 4 13 3 1 1 3
S 28424 4 13 3 2 1 3
S 28425 4 13 3 5 1 3
S 28426 4 13 3 6 1 3
S 28427 4 15 4 3 3 0
E 28427
S 28428 4 15 4 0 3 0
S 28445 4 14 4 0 2 3
S 28447 4 13 4 0 2 3
S 28449 4 13 4 1 2 3
S 28458 4 13 4 2 2 3
S 28459 4 13 4 5 2 3
S 28460 4 13 4 6 2 3
S 28461 4 15 5 3 3 0
E 28461
S 28462 4 15 5 0 3 0
S 28479 4 14 5 0 4 3
S 28481 4 13 5 0 4 3
S 28483 4 13 5 1 4 3
S 28492 4 13 5 2 4 3
S 28493 4 13 5 5 4 3
S 28494 4 13 5 6 4 3
S 28495 4 15 6 3 3 0
E 28495
S 28496 4 15 6 0 3 0
S 28511 4 14 6 0 3 3
S 28513 4 13 6 0 3 3
S 28515 4 13 6 1 3 3
S 28544 4 13 6 2 3 3
S 28545 4 13 6 5 3 3
S 28546 4 13 6 6 3 3
S 28547 4 15 7 3 3 0
E 28547
S 28548 4 15 7 0 3 0
S 28567 4 14 7 0 1 3
S 28569 4 13 7 0 1 3
S 28571 4 13 7 1 1 3
S 28580 4 13 7 2 1 3
S 28581 4 13 7 5 1 3
S 28582 4 13 7 6 1 3
S 28583 4 15 8 3 3 0
E 28583
S 28584 4 15 8 0 3 0
S 28601 4 14 8 0 2 3
S 28603 4 13 8 0 2 3
S 28605 4 13 8 1 2 3
S 28614 4 13 8 2 2 3
S 28615 4 13 8 5 2 3
S 28616 4 13 8 6 2 3
S 28617 4 15 9 3 3 0
E 28617
S 28618 4 15 9 0 3 0
S 28635 4 14 9 0 4 3
S 28637 4 13 9 0 4 3
S 28639 4 13 9 1 4 3
S 28648 4 13 9 2 4 3
S 28649 4 13 9 5 4 3
S 28650 4 13 9 6 4 3
S 28651 4 15 10 3 3 0
E 28651
S 28652 4 15 10 0 3 0
S 28667 4 14 10 0 3 3
S 28669 4 13 10 0 3 3
S 28671 4 13 10 1 3 3
S 28680 4 13 10 2 3 3
S 28681 4 13 10 5 3 3
S 28682 4 13 10 6 3 3
S 28683 4 15 11 3 3 0
E 28683
S 28684 4 15 11 0 3 0
S 28699 4 15 11 1 3 3
S 28708 4 15 11 2 3 3
S 28709 4 15 11 5 3 3
S 28710 4 15 11 6 3 3
S 28711 5 15 12 4 3 0
S 28712 7 15 12 4 3 0
S 28921 1 15 12 4 3 0
S 28937 2 15 12 4 3 0
S 28940 3 15 12 4 3 0
S 28941 8 15 2 6 3 0
INIT 55 at 28941 pc 12->2
S 29155 4 15 2 6 3 0
E 29155
S 29156 4 15 3 3 3 0
S 29157 4 15 3 0 3 0
S 29173 4 14 3 0 2 3
S 29175 4 13 3 0 2 3
S 29177 4 13 3 1 2 3
S 29186 4 13 3 2 2 3
S 29187 4 13 3 5 2 3
S 29188 4 13 3 6 2 3
S 29189 4 15 4 3 3 0
E 29189
S 29190 4 15 4 0 3 0
S 29205 4 14 4 0 3 3
S 29207 4 13 4 0 3 3
S 29209 4 13 4 1 3 3
S 29218 4 13 4 2 3 3
S 29219 4 13 4 5 3 3
S 29220 4 13 4 6 3 3
S 29221 4 15 5 3 3 0
E 29221
S 29222 4 15 5 0 3 0
S 29237 4 15 5 1 3 3
S 29246 4 15 5 2 3 3
S 29247 4 15 5 5 3 3
S 29248 4 15 5 6 3 3
S 29249 5 15 6 4 3 0
S 29250 7 15 6 4 3 0
S 29348 3 15 6 4 3 0
S 29349 8 15 2 6 3 0
INIT 56 at 29349 pc 6->2
S 29563 4 15 2 6 3 0
E 29563
S 29564 4 15 3 3 3 0
S 29565 4 15 3 0 3 0
S 29581 4 14 3 0 2 3
S 29583 4 13 3 0 2 3
S 29585 4 13 3 1 2 3
S 29594 4 13 3 2 2 3
S 29595 4 13 3 5 2 3
S 29596 4 13 3 6 2 3
S 29597 4 15 4 3 3 0
E 29597
S 29598 4 15 4 0 3 0
S 29613 4 14 4 0 3 3
S 29615 4 13 4 0 3 3
S 29617 4 13 4 1 3 3
S 29626 4 13 4 2 3 3
S 29627 4 13 4 5 3 3
S 29628 4 13 4 6 3 3
S 29629 4 15 5 3 3 0
E 29629
S 29630 4 15 5 0 3 0
S 29645 4 15 5 1 3 3
S 29654 4 15 5 2 3 3
S 29655 4 15 5 5 3 3
S 29656 4 15 5 6 3 3
S 29657 5 15 6 4 3 0
S 29658 7 15 6 4 3 0
S 29756 3 15 6 4 3 0
S 29757 8 15 2 6 3 0
INIT 57 at 29757 pc 6->2
S 29971 4 15 2 6 3 0
E 29971
S 29972 4 15 3 3 3 0
S 29973 4 15 3 0 3 0
S 29989 4 14 3 0 2 3
S 29991 4 13 3 0 2 3
S 29993 4 13 3 1 2 3
SUMMARY frames=30000 edges=272 inits=57 goes=272 dones=272 forced=3 last_force_lock_y=15
DONE
