probe cvc_se0 loaded: latency=6 force_at=4,9,14 maxf=30000
S 1 0 0 0 0 0 0
S 20 1 0 0 0 0 0
S 36 2 0 0 0 0 0
S 39 3 0 0 0 0 0
S 40 8 15 2 6 3 0
INIT 1 at 40 pc 0->2
S 257 4 15 2 6 3 0
E 257
S 258 4 15 3 3 3 0
S 260 4 15 3 0 3 0
S 276 4 14 3 0 1 3
S 278 4 13 3 0 1 3
S 280 4 12 3 0 1 3
S 282 4 12 3 1 1 3
S 291 4 12 3 2 1 3
S 292 4 12 3 5 1 3
S 293 4 12 3 6 1 3
S 294 4 15 4 3 3 0
E 294
S 295 4 15 4 0 3 0
S 316 4 14 4 0 0 3
S 318 4 13 4 0 0 3
S 320 4 12 4 0 0 3
S 322 4 12 4 1 0 3
S 331 4 12 4 2 0 3
S 332 4 12 4 5 0 3
S 333 4 12 4 6 0 3
S 334 4 15 5 3 3 0
E 334
S 335 4 15 5 0 3 0
S 352 4 14 5 0 2 3
S 354 4 13 5 0 2 3
S 356 4 13 5 1 2 3
S 365 4 13 5 2 2 3
S 366 4 13 5 5 2 3
S 367 4 13 5 6 2 3
S 368 4 15 6 3 3 0
E 368
S 369 4 15 6 0 3 0
S 388 4 14 6 0 5 3
S 390 4 13 6 0 5 3
S 392 4 13 6 1 5 3
S 401 4 13 6 2 5 3
S 402 4 13 6 5 5 3
S 403 4 13 6 6 5 3
S 404 4 15 7 3 3 0
E 404
S 405 4 15 7 0 3 0
S 420 4 14 7 0 3 3
S 422 4 13 7 0 3 3
S 424 4 13 7 1 3 3
S 433 4 13 7 2 3 3
S 434 4 13 7 5 3 3
S 435 4 13 7 6 3 3
S 436 4 15 8 3 3 0
E 436
S 437 4 15 8 0 3 0
S 452 4 15 8 1 3 3
S 461 4 15 8 2 3 3
S 462 4 15 8 5 3 3
S 463 4 15 8 6 3 3
S 464 5 15 9 4 3 0
S 465 7 15 9 4 3 0
S 578 3 15 9 4 3 0
S 579 8 15 2 6 3 0
INIT 2 at 579 pc 9->2
S 803 4 15 2 6 3 0
E 803
S 804 4 15 3 3 3 0
S 805 4 15 3 0 3 0
S 818 4 14 3 0 3 3
S 820 4 13 3 0 3 3
S 822 4 13 3 1 3 3
S 831 4 13 3 2 3 3
S 832 4 13 3 5 3 3
S 833 4 13 3 6 3 3
S 834 4 15 4 3 3 0
E 834
S 835 4 15 4 0 3 0
S 850 4 15 4 1 3 3
S 859 4 15 4 2 3 3
S 860 4 15 4 5 3 3
S 861 4 15 4 6 3 3
S 862 5 15 5 4 3 0
S 863 7 15 5 4 3 0
S 964 3 15 5 4 3 0
S 965 8 15 2 6 3 0
INIT 3 at 965 pc 5->2
S 1180 4 15 2 6 3 0
E 1180
S 1181 4 15 3 3 3 0
S 1182 4 15 3 0 3 0
S 1202 4 14 3 0 0 3
S 1204 4 13 3 0 0 3
S 1206 4 12 3 0 0 3
S 1208 4 12 3 1 0 3
S 1217 4 12 3 2 0 3
S 1218 4 12 3 5 0 3
S 1219 4 12 3 6 0 3
S 1220 4 15 4 3 3 0
E 1220
S 1221 4 15 4 0 3 0
S 1238 4 14 4 0 2 3
S 1240 4 13 4 0 2 3
S 1242 4 12 4 0 2 3
S 1244 4 12 4 1 2 3
S 1253 4 12 4 2 2 3
S 1254 4 12 4 5 2 3
S 1255 4 12 4 6 2 3
S 1256 4 15 5 3 3 0
E 1256
S 1257 4 15 5 0 3 0
S 1272 4 14 5 0 3 3
S 1274 4 13 5 0 3 3
S 1276 4 12 5 0 3 3
S 1278 4 12 5 1 3 3
S 1287 4 12 5 2 3 3
S 1288 4 12 5 5 3 3
S 1289 4 12 5 6 3 3
S 1290 4 15 6 3 3 0
E 1290
S 1291 4 15 6 0 3 0
S 1308 4 14 6 0 4 3
S 1310 4 13 6 0 4 3
S 1312 4 13 6 1 4 3
S 1321 4 13 6 2 4 3
S 1322 4 13 6 5 4 3
S 1323 4 13 6 6 4 3
S 1324 4 15 7 3 3 0
E 1324
S 1325 4 15 7 0 3 0
S 1340 4 14 7 0 3 3
S 1342 4 14 7 1 3 3
S 1352 4 14 7 2 3 3
S 1353 4 14 7 5 3 3
S 1354 4 14 7 6 3 3
S 1355 5 15 8 4 3 0
S 1356 7 15 8 4 3 0
S 1565 1 15 8 4 3 0
S 1581 2 15 8 4 3 0
S 1584 3 15 8 4 3 0
S 1585 8 15 2 6 3 0
INIT 4 at 1585 pc 8->2
S 1814 4 15 2 6 3 0
E 1814
S 1815 4 15 3 3 3 0
S 1816 4 15 3 0 3 0
F1 start 1816 x=3->0 y=15 pc=3
S 1828 4 15 3 1 0 0
F1 locked 1828 x=0 y=15 rot=0 (Y=$0F off-spawn lock OK)
S 1869 4 15 3 2 0 0
S 1870 4 15 3 5 0 0
S 1871 4 15 3 6 0 0
S 1872 4 15 4 3 3 0
S 1873 4 15 4 0 3 0
F1 next-pill live 1873 y=15 pc=4
S 1880 4 14 4 0 0 0
S 1882 4 14 4 1 0 0
S 1892 4 14 4 2 0 0
S 1893 4 14 4 5 0 0
S 1894 4 14 4 6 0 0
S 1895 4 15 5 3 3 0
E 1895
S 1896 4 15 5 0 3 0
S 1910 4 14 5 0 3 3
S 1912 4 13 5 0 3 3
S 1914 4 12 5 0 3 3
S 1916 4 11 5 0 3 3
S 1918 4 10 5 0 3 3
S 1920 4 9 5 0 3 3
S 1922 4 9 5 1 3 3
S 1934 4 9 5 2 3 3
S 1935 4 9 5 5 3 3
S 1936 4 9 5 6 3 3
S 1937 4 15 6 3 3 0
E 1937
S 1938 4 15 6 0 3 0
S 1952 4 14 6 0 3 3
S 1954 4 13 6 0 3 3
S 1956 4 12 6 0 3 3
S 1958 4 11 6 0 3 3
S 1960 4 11 6 1 3 3
S 2054 4 11 6 2 3 3
S 2055 4 11 6 5 3 3
S 2056 4 11 6 6 3 3
S 2057 4 15 7 3 3 0
E 2057
S 2058 4 15 7 0 3 0
S 2072 4 14 7 0 3 3
S 2074 4 13 7 0 3 3
S 2076 4 12 7 0 3 3
S 2078 4 11 7 0 3 3
S 2080 4 10 7 0 3 3
S 2082 4 9 7 0 3 3
S 2084 4 9 7 1 3 3
S 2096 4 9 7 2 3 3
S 2097 4 9 7 5 3 3
S 2098 4 9 7 6 3 3
S 2099 4 15 8 3 3 0
E 2099
S 2100 4 15 8 0 3 0
S 2114 4 14 8 0 3 3
S 2116 4 13 8 0 3 3
S 2118 4 12 8 0 3 3
S 2120 4 11 8 0 3 3
S 2122 4 11 8 1 3 3
S 2132 4 11 8 2 3 3
S 2133 4 11 8 5 3 3
S 2134 4 11 8 6 3 3
S 2135 4 15 9 3 3 0
E 2135
S 2136 4 15 9 0 3 0
S 2154 4 14 9 0 5 3
S 2156 4 13 9 0 5 3
S 2158 4 13 9 1 5 3
S 2167 4 13 9 2 5 3
S 2168 4 13 9 5 5 3
S 2169 4 13 9 6 5 3
S 2170 4 15 10 3 3 0
E 2170
S 2171 4 15 10 0 3 0
S 2186 4 14 10 0 3 3
S 2188 4 13 10 0 3 3
S 2190 4 13 10 1 3 3
S 2199 4 13 10 2 3 3
S 2200 4 13 10 5 3 3
S 2201 4 13 10 6 3 3
S 2202 4 15 11 3 3 0
E 2202
S 2203 4 15 11 0 3 0
S 2218 4 15 11 1 3 3
S 2227 4 15 11 2 3 3
S 2228 4 15 11 5 3 3
S 2229 4 15 11 6 3 3
S 2230 5 15 12 4 3 0
S 2231 7 15 12 4 3 0
S 2343 3 15 12 4 3 0
S 2344 8 15 2 6 3 0
INIT 5 at 2344 pc 12->2
S 2560 4 15 2 6 3 0
E 2560
S 2561 4 15 3 3 3 0
S 2562 4 15 3 0 3 0
S 2578 4 14 3 0 2 3
S 2580 4 13 3 0 2 3
S 2582 4 12 3 0 2 3
S 2584 4 12 3 1 2 3
S 2593 4 12 3 2 2 3
S 2594 4 12 3 5 2 3
S 2595 4 12 3 6 2 3
S 2596 4 15 4 3 3 0
E 2596
S 2597 4 15 4 0 3 0
S 2614 4 14 4 0 4 3
S 2616 4 13 4 0 4 3
S 2618 4 13 4 1 4 3
S 2627 4 13 4 2 4 3
S 2628 4 13 4 5 4 3
S 2629 4 13 4 6 4 3
S 2630 4 15 5 3 3 0
E 2630
S 2631 4 15 5 0 3 0
S 2652 4 14 5 0 0 3
S 2654 4 13 5 0 0 3
S 2656 4 12 5 0 0 3
S 2658 4 12 5 1 0 3
S 2667 4 12 5 2 0 3
S 2668 4 12 5 5 0 3
S 2669 4 12 5 6 0 3
S 2670 4 15 6 3 3 0
E 2670
S 2671 4 15 6 0 3 0
S 2688 4 14 6 0 2 3
S 2690 4 14 6 1 2 3
S 2699 4 14 6 2 2 3
S 2700 4 14 6 5 2 3
S 2701 4 14 6 6 2 3
S 2702 4 15 7 3 3 0
E 2702
S 2703 4 15 7 0 3 0
S 2718 4 14 7 0 3 3
S 2720 4 13 7 0 3 3
S 2722 4 13 7 1 3 3
S 2731 4 13 7 2 3 3
S 2732 4 13 7 5 3 3
S 2733 4 13 7 6 3 3
S 2734 4 15 8 3 3 0
E 2734
S 2735 4 15 8 0 3 0
S 2750 4 15 8 1 3 3
S 2759 4 15 8 2 3 3
S 2760 4 15 8 5 3 3
S 2761 4 15 8 6 3 3
S 2762 5 15 9 4 3 0
S 2763 7 15 9 4 3 0
S 2865 3 15 9 4 3 0
S 2866 8 15 2 6 3 0
INIT 6 at 2866 pc 9->2
S 3082 4 15 2 6 3 0
E 3082
S 3083 4 15 3 3 3 0
S 3085 4 15 3 0 3 0
S 3102 4 14 3 0 5 3
S 3104 4 13 3 0 5 3
S 3106 4 13 3 1 5 3
S 3115 4 13 3 2 5 3
S 3116 4 13 3 5 5 3
S 3117 4 13 3 6 5 3
S 3118 4 15 4 3 3 0
E 3118
S 3119 4 15 4 0 3 0
S 3140 4 14 4 0 0 3
S 3142 4 13 4 0 0 3
S 3144 4 13 4 1 0 3
S 3153 4 13 4 2 0 3
S 3154 4 13 4 5 0 3
S 3155 4 13 4 6 0 3
S 3156 4 15 5 3 3 0
E 3156
S 3157 4 15 5 0 3 0
S 3172 4 14 5 0 3 3
S 3174 4 13 5 0 3 3
S 3176 4 12 5 0 3 3
S 3178 4 12 5 1 3 3
S 3187 4 12 5 2 3 3
S 3188 4 12 5 5 3 3
S 3189 4 12 5 6 3 3
S 3190 4 15 6 3 3 0
E 3190
S 3191 4 15 6 0 3 0
S 3206 4 14 6 0 3 3
S 3208 4 14 6 1 3 3
S 3237 4 14 6 2 3 3
S 3238 4 14 6 5 3 3
S 3239 4 14 6 6 3 3
S 3240 4 15 7 3 3 0
E 3240
S 3241 4 15 7 0 3 0
S 3256 4 14 7 0 3 3
S 3258 4 13 7 0 3 3
S 3260 4 12 7 0 3 3
S 3262 4 12 7 1 3 3
S 3271 4 12 7 2 3 3
S 3272 4 12 7 5 3 3
S 3273 4 12 7 6 3 3
S 3274 4 15 8 3 3 0
E 3274
S 3275 4 15 8 0 3 0
S 3290 4 14 8 0 3 3
S 3292 4 14 8 1 3 3
S 3301 4 14 8 2 3 3
S 3302 4 14 8 5 3 3
S 3303 4 14 8 6 3 3
S 3304 5 15 9 4 3 0
S 3305 7 15 9 4 3 0
S 3499 1 15 9 4 3 0
S 3515 2 15 9 4 3 0
S 3518 3 15 9 4 3 0
S 3519 8 15 2 6 3 0
INIT 7 at 3519 pc 9->2
S 3733 4 15 2 6 3 0
E 3733
S 3734 4 15 3 3 3 0
S 3736 4 15 3 0 3 0
S 3752 4 14 3 0 5 3
S 3754 4 13 3 0 5 3
S 3756 4 12 3 0 5 3
S 3758 4 11 3 0 5 3
S 3760 4 11 3 1 5 3
S 3770 4 11 3 2 5 3
S 3771 4 11 3 5 5 3
S 3772 4 11 3 6 5 3
S 3773 4 15 4 3 3 0
E 3773
S 3774 4 15 4 0 3 0
S 3796 4 14 4 0 7 3
S 3798 4 13 4 0 7 3
S 3800 4 12 4 0 7 3
S 3802 4 11 4 0 7 3
S 3804 4 11 4 1 7 3
S 3814 4 11 4 2 7 3
S 3815 4 11 4 5 7 3
S 3816 4 11 4 6 7 3
S 3817 4 15 5 3 3 0
E 3817
S 3818 4 15 5 0 3 0
S 3838 4 14 5 0 0 3
S 3840 4 13 5 0 0 3
S 3842 4 13 5 1 0 3
S 3851 4 13 5 2 0 3
S 3852 4 13 5 5 0 3
S 3853 4 13 5 6 0 3
S 3854 4 15 6 3 3 0
E 3854
S 3855 4 15 6 0 3 0
S 3870 4 14 6 0 3 3
S 3872 4 13 6 0 3 3
S 3874 4 12 6 0 3 3
S 3876 4 11 6 0 3 3
S 3878 4 11 6 1 3 3
S 3888 4 11 6 2 3 3
S 3889 4 11 6 5 3 3
S 3890 4 11 6 6 3 3
S 3891 4 15 7 3 3 0
E 3891
S 3892 4 15 7 0 3 0
S 3912 4 14 7 0 6 3
S 3914 4 13 7 0 6 3
S 3916 4 12 7 0 6 3
S 3918 4 12 7 1 6 3
S 3927 4 12 7 2 6 3
S 3928 4 12 7 5 6 3
S 3929 4 12 7 6 6 3
S 3930 4 15 8 3 3 0
E 3930
S 3931 4 15 8 0 3 0
S 3950 4 14 8 0 5 3
S 3952 4 13 8 0 5 3
S 3954 4 13 8 1 5 3
S 3963 4 13 8 2 5 3
S 3964 4 13 8 5 5 3
S 3965 4 13 8 6 5 3
S 3966 4 15 9 3 3 0
E 3966
S 3967 4 15 9 0 3 0
S 3982 4 14 9 0 3 3
S 3984 4 13 9 0 3 3
S 3986 4 13 9 1 3 3
S 3995 4 13 9 2 3 3
S 3996 4 13 9 5 3 3
S 3997 4 13 9 6 3 3
S 3998 4 15 10 3 3 0
E 3998
S 3999 4 15 10 0 3 0
S 4014 4 15 10 1 3 3
S 4023 4 15 10 2 3 3
S 4024 4 15 10 5 3 3
S 4025 4 15 10 6 3 3
S 4026 5 15 11 4 3 0
S 4027 7 15 11 4 3 0
S 4134 3 15 11 4 3 0
S 4135 8 15 2 6 3 0
INIT 8 at 4135 pc 11->2
S 4407 4 15 2 6 3 0
E 4407
S 4408 4 15 3 3 3 0
S 4409 4 15 3 0 3 0
S 4424 4 14 3 0 4 3
S 4426 4 13 3 0 4 3
S 4428 4 13 3 1 4 3
S 4437 4 13 3 2 4 3
S 4438 4 13 3 5 4 3
S 4439 4 13 3 6 4 3
S 4440 4 15 4 3 3 0
E 4440
S 4441 4 15 4 0 3 0
S 4460 4 14 4 0 1 3
S 4462 4 13 4 0 1 3
S 4464 4 13 4 1 1 3
S 4473 4 13 4 2 1 3
S 4474 4 13 4 5 1 3
S 4475 4 13 4 6 1 3
S 4476 4 15 5 3 3 0
E 4476
S 4477 4 15 5 0 3 0
S 4492 4 14 5 0 3 3
S 4494 4 13 5 0 3 3
S 4496 4 13 5 1 3 3
S 4505 4 13 5 2 3 3
S 4506 4 13 5 5 3 3
S 4507 4 13 5 6 3 3
S 4508 4 15 6 3 3 0
E 4508
S 4509 4 15 6 0 3 0
S 4524 4 15 6 1 3 3
S 4533 4 15 6 2 3 3
S 4534 4 15 6 5 3 3
S 4535 4 15 6 6 3 3
S 4536 5 15 7 4 3 0
S 4537 7 15 7 4 3 0
S 4648 3 15 7 4 3 0
S 4649 8 15 2 6 3 0
INIT 9 at 4649 pc 7->2
S 4864 4 15 2 6 3 0
E 4864
S 4865 4 15 3 3 3 0
S 4866 4 15 3 0 3 0
F2 start 4866 x=3->0 y=15 pc=3
S 4878 4 15 3 1 0 0
F2 locked 4878 x=0 y=15 rot=0 (Y=$0F off-spawn lock OK)
S 4919 4 15 3 2 0 0
S 4920 4 15 3 5 0 0
S 4921 4 15 3 6 0 0
S 4922 4 15 4 3 3 0
S 4923 4 15 4 0 3 0
F2 next-pill live 4923 y=15 pc=4
S 4930 4 14 4 0 0 0
S 4932 4 14 4 1 0 0
S 4942 4 14 4 2 0 0
S 4943 4 14 4 5 0 0
S 4944 4 14 4 6 0 0
S 4945 4 15 5 3 3 0
E 4945
S 4946 4 15 5 0 3 0
S 4962 4 14 5 0 4 3
S 4964 4 13 5 0 4 3
S 4966 4 12 5 0 4 3
S 4968 4 12 5 1 4 3
S 4977 4 12 5 2 4 3
S 4978 4 12 5 5 4 3
S 4979 4 12 5 6 4 3
S 4980 4 15 6 3 3 0
E 4980
S 4981 4 15 6 0 3 0
S 5004 4 14 6 0 7 3
S 5006 4 13 6 0 7 3
S 5008 4 13 6 1 7 3
S 5017 4 13 6 2 7 3
S 5018 4 13 6 5 7 3
S 5019 4 13 6 6 7 3
S 5020 4 15 7 3 3 0
E 5020
S 5021 4 15 7 0 3 0
S 5042 4 14 7 0 6 3
S 5044 4 13 7 0 6 3
S 5046 4 12 7 0 6 3
S 5048 4 12 7 1 6 3
S 5057 4 12 7 2 6 3
S 5058 4 12 7 5 6 3
S 5059 4 12 7 6 6 3
S 5060 4 15 8 3 3 0
E 5060
S 5061 4 15 8 0 3 0
S 5076 4 14 8 0 3 3
S 5078 4 13 8 0 3 3
S 5080 4 13 8 1 3 3
S 5089 4 13 8 2 3 3
S 5090 4 13 8 5 3 3
S 5091 4 13 8 6 3 3
S 5092 4 15 9 3 3 0
E 5092
S 5093 4 15 9 0 3 0
S 5108 4 15 9 1 3 3
S 5117 4 15 9 2 3 3
S 5118 4 15 9 5 3 3
S 5119 4 15 9 6 3 3
S 5120 5 15 10 4 3 0
S 5121 7 15 10 4 3 0
S 5329 1 15 10 4 3 0
S 5345 2 15 10 4 3 0
S 5348 3 15 10 4 3 0
S 5349 8 15 2 6 3 0
INIT 10 at 5349 pc 10->2
S 5563 4 15 2 6 3 0
E 5563
S 5564 4 15 3 3 3 0
S 5565 4 15 3 0 3 0
S 5584 4 14 3 0 0 3
S 5586 4 13 3 0 0 3
S 5588 4 13 3 1 0 3
S 5597 4 13 3 2 0 3
S 5598 4 13 3 5 0 3
S 5599 4 13 3 6 0 3
S 5600 4 15 4 3 3 0
E 5600
S 5601 4 15 4 0 3 0
S 5616 4 14 4 0 3 3
S 5618 4 13 4 0 3 3
S 5620 4 13 4 1 3 3
S 5629 4 13 4 2 3 3
S 5630 4 13 4 5 3 3
S 5631 4 13 4 6 3 3
S 5632 4 15 5 3 3 0
E 5632
S 5633 4 15 5 0 3 0
S 5648 4 15 5 1 3 3
S 5657 4 15 5 2 3 3
S 5658 4 15 5 5 3 3
S 5659 4 15 5 6 3 3
S 5660 5 15 6 4 3 0
S 5661 7 15 6 4 3 0
S 5772 3 15 6 4 3 0
S 5773 8 15 2 6 3 0
INIT 11 at 5773 pc 6->2
S 5999 4 15 2 6 3 0
E 5999
S 6000 4 15 3 3 3 0
S 6001 4 15 3 0 3 0
S 6014 4 14 3 0 3 3
S 6016 4 13 3 0 3 3
S 6018 4 13 3 1 3 3
S 6027 4 13 3 2 3 3
S 6028 4 13 3 5 3 3
S 6029 4 13 3 6 3 3
S 6030 4 15 4 3 3 0
E 6030
S 6031 4 15 4 0 3 0
S 6046 4 15 4 1 3 3
S 6055 4 15 4 2 3 3
S 6056 4 15 4 5 3 3
S 6057 4 15 4 6 3 3
S 6058 5 15 5 4 3 0
S 6059 7 15 5 4 3 0
S 6160 3 15 5 4 3 0
S 6161 8 15 2 6 3 0
INIT 12 at 6161 pc 5->2
S 6375 4 15 2 6 3 0
E 6375
S 6376 4 15 3 3 3 0
S 6377 4 15 3 0 3 0
S 6396 4 14 3 0 0 3
S 6398 4 13 3 0 0 3
S 6400 4 13 3 1 0 3
S 6409 4 13 3 2 0 3
S 6410 4 13 3 5 0 3
S 6411 4 13 3 6 0 3
S 6412 4 15 4 3 3 0
E 6412
S 6413 4 15 4 0 3 0
S 6432 4 14 4 0 1 3
S 6434 4 13 4 0 1 3
S 6436 4 13 4 1 1 3
S 6445 4 13 4 2 1 3
S 6446 4 13 4 5 1 3
S 6447 4 13 4 6 1 3
S 6448 4 15 5 3 3 0
E 6448
S 6449 4 15 5 0 3 0
S 6466 4 14 5 0 2 3
S 6468 4 13 5 0 2 3
S 6470 4 13 5 1 2 3
S 6479 4 13 5 2 2 3
S 6480 4 13 5 5 2 3
S 6481 4 13 5 6 2 3
S 6482 4 15 6 3 3 0
E 6482
S 6483 4 15 6 0 3 0
S 6498 4 14 6 0 3 3
S 6500 4 13 6 0 3 3
S 6502 4 13 6 1 3 3
S 6511 4 13 6 2 3 3
S 6512 4 13 6 5 3 3
S 6513 4 13 6 6 3 3
S 6514 4 15 7 3 3 0
E 6514
S 6515 4 15 7 0 3 0
S 6530 4 15 7 1 3 3
S 6539 4 15 7 2 3 3
S 6540 4 15 7 5 3 3
S 6541 4 15 7 6 3 3
S 6542 5 15 8 4 3 0
S 6543 7 15 8 4 3 0
S 6744 1 15 8 4 3 0
S 6760 2 15 8 4 3 0
S 6763 3 15 8 4 3 0
S 6764 8 15 2 6 3 0
INIT 13 at 6764 pc 8->2
S 6978 4 15 2 6 3 0
E 6978
S 6979 4 15 3 3 3 0
S 6980 4 15 3 0 3 0
S 6998 4 14 3 0 1 3
S 7000 4 13 3 0 1 3
S 7002 4 13 3 1 1 3
S 7011 4 13 3 2 1 3
S 7012 4 13 3 5 1 3
S 7013 4 13 3 6 1 3
S 7014 4 15 4 3 3 0
E 7014
S 7015 4 15 4 0 3 0
S 7030 4 14 4 0 3 3
S 7032 4 13 4 0 3 3
S 7034 4 13 4 1 3 3
S 7043 4 13 4 2 3 3
S 7044 4 13 4 5 3 3
S 7045 4 13 4 6 3 3
S 7046 4 15 5 3 3 0
E 7046
S 7047 4 15 5 0 3 0
S 7062 4 15 5 1 3 3
S 7071 4 15 5 2 3 3
S 7072 4 15 5 5 3 3
S 7073 4 15 5 6 3 3
S 7074 5 15 6 4 3 0
S 7075 7 15 6 4 3 0
S 7187 3 15 6 4 3 0
S 7188 8 15 2 6 3 0
INIT 14 at 7188 pc 6->2
S 7402 4 15 2 6 3 0
E 7402
S 7403 4 15 3 3 3 0
S 7404 4 15 3 0 3 0
F3 start 7404 x=3->0 y=15 pc=3
S 7416 4 15 3 1 0 0
F3 locked 7416 x=0 y=15 rot=0 (Y=$0F off-spawn lock OK)
S 7457 4 15 3 2 0 0
S 7458 4 15 3 5 0 0
S 7459 4 15 3 6 0 0
S 7460 4 15 4 3 3 0
S 7461 4 15 4 0 3 0
F3 next-pill live 7461 y=15 pc=4
S 7468 4 14 4 0 0 0
S 7470 4 14 4 1 0 0
S 7480 4 14 4 2 0 0
S 7481 4 14 4 5 0 0
S 7482 4 14 4 6 0 0
S 7483 4 15 5 3 3 0
E 7483
S 7484 4 15 5 0 3 0
S 7498 4 14 5 0 3 3
S 7500 4 13 5 0 3 3
S 7502 4 13 5 1 3 3
S 7511 4 13 5 2 3 3
S 7512 4 13 5 5 3 3
S 7513 4 13 5 6 3 3
S 7514 4 15 6 3 3 0
E 7514
S 7515 4 15 6 0 3 0
S 7530 4 15 6 1 3 3
S 7539 4 15 6 2 3 3
S 7540 4 15 6 5 3 3
S 7541 4 15 6 6 3 3
S 7542 5 15 7 4 3 0
S 7543 7 15 7 4 3 0
S 7643 3 15 7 4 3 0
S 7644 8 15 2 6 3 0
INIT 15 at 7644 pc 7->2
S 7858 4 15 2 6 3 0
E 7858
S 7859 4 15 3 3 3 0
S 7860 4 15 3 0 3 0
S 7874 4 14 3 0 3 3
S 7876 4 13 3 0 3 3
S 7878 4 13 3 1 3 3
S 7887 4 13 3 2 3 3
S 7888 4 13 3 5 3 3
S 7889 4 13 3 6 3 3
S 7890 4 15 4 3 3 0
E 7890
S 7891 4 15 4 0 3 0
S 7906 4 15 4 1 3 3
S 7915 4 15 4 2 3 3
S 7916 4 15 4 5 3 3
S 7917 4 15 4 6 3 3
S 7918 5 15 5 4 3 0
S 7919 7 15 5 4 3 0
S 8115 1 15 5 4 3 0
S 8131 2 15 5 4 3 0
S 8134 3 15 5 4 3 0
S 8135 8 15 2 6 3 0
INIT 16 at 8135 pc 5->2
S 8350 4 15 2 6 3 0
E 8350
S 8351 4 15 3 3 3 0
S 8352 4 15 3 0 3 0
S 8370 4 14 3 0 5 3
S 8372 4 13 3 0 5 3
S 8374 4 13 3 1 5 3
S 8383 4 13 3 2 5 3
S 8384 4 13 3 5 5 3
S 8385 4 13 3 6 5 3
S 8386 4 15 4 3 3 0
E 8386
S 8387 4 15 4 0 3 0
S 8404 4 14 4 0 2 3
S 8406 4 13 4 0 2 3
S 8408 4 13 4 1 2 3
S 8417 4 13 4 2 2 3
S 8418 4 13 4 5 2 3
S 8419 4 13 4 6 2 3
S 8420 4 15 5 3 3 0
E 8420
S 8421 4 15 5 0 3 0
S 8436 4 14 5 0 3 3
S 8438 4 13 5 0 3 3
S 8440 4 12 5 0 3 3
S 8442 4 11 5 0 3 3
S 8444 4 11 5 1 3 3
S 8454 4 11 5 2 3 3
S 8455 4 11 5 5 3 3
S 8456 4 11 5 6 3 3
S 8457 4 15 6 3 3 0
E 8457
S 8458 4 15 6 0 3 0
S 8472 4 14 6 0 3 3
S 8474 4 13 6 0 3 3
S 8476 4 13 6 1 3 3
S 8485 4 13 6 2 3 3
S 8486 4 13 6 5 3 3
S 8487 4 13 6 6 3 3
S 8488 4 15 7 3 3 0
E 8488
S 8489 4 15 7 0 3 0
S 8504 4 15 7 1 3 3
S 8513 4 15 7 2 3 3
S 8514 4 15 7 5 3 3
S 8515 4 15 7 6 3 3
S 8516 5 15 8 4 3 0
S 8517 7 15 8 4 3 0
S 8623 3 15 8 4 3 0
S 8624 8 15 2 6 3 0
INIT 17 at 8624 pc 8->2
S 8838 4 15 2 6 3 0
E 8838
S 8839 4 15 3 3 3 0
S 8840 4 15 3 0 3 0
S 8860 4 14 3 0 6 3
S 8862 4 13 3 0 6 3
S 8864 4 12 3 0 6 3
S 8866 4 12 3 1 6 3
S 8875 4 12 3 2 6 3
S 8876 4 12 3 5 6 3
S 8877 4 12 3 6 6 3
S 8878 4 15 4 3 3 0
E 8878
S 8879 4 15 4 0 3 0
S 8900 4 14 4 0 0 3
S 8902 4 13 4 0 0 3
S 8904 4 12 4 0 0 3
S 8906 4 11 4 0 0 3
S 8908 4 11 4 1 0 3
S 8919 4 11 4 2 0 3
S 8920 4 11 4 5 0 3
S 8921 4 11 4 6 0 3
S 8922 4 15 5 3 3 0
E 8922
S 8923 4 15 5 0 3 0
S 8942 4 14 5 0 1 3
S 8944 4 13 5 0 1 3
S 8946 4 13 5 1 1 3
S 8955 4 13 5 2 1 3
S 8956 4 13 5 5 1 3
S 8957 4 13 5 6 1 3
S 8958 4 15 6 3 3 0
E 8958
S 8959 4 15 6 0 3 0
S 8976 4 14 6 0 4 3
S 8978 4 13 6 0 4 3
S 8980 4 13 6 1 4 3
S 8989 4 13 6 2 4 3
S 8990 4 13 6 5 4 3
S 8991 4 13 6 6 4 3
S 8992 4 15 7 3 3 0
E 8992
S 8993 4 15 7 0 3 0
S 9010 4 14 7 0 3 3
S 9012 4 13 7 0 3 3
S 9014 4 13 7 1 3 3
S 9023 4 13 7 2 3 3
S 9024 4 13 7 5 3 3
S 9025 4 13 7 6 3 3
S 9026 4 15 8 3 3 0
E 9026
S 9027 4 15 8 0 3 0
S 9042 4 15 8 1 3 3
S 9051 4 15 8 2 3 3
S 9052 4 15 8 5 3 3
S 9053 4 15 8 6 3 3
S 9054 5 15 9 4 3 0
S 9055 7 15 9 4 3 0
S 9159 3 15 9 4 3 0
S 9160 8 15 2 6 3 0
INIT 18 at 9160 pc 9->2
S 9374 4 15 2 6 3 0
E 9374
S 9375 4 15 3 3 3 0
S 9376 4 15 3 0 3 0
S 9392 4 14 3 0 2 3
S 9394 4 13 3 0 2 3
S 9396 4 12 3 0 2 3
S 9398 4 11 3 0 2 3
S 9400 4 10 3 0 2 3
S 9402 4 10 3 1 2 3
S 9413 4 10 3 2 2 3
S 9414 4 10 3 5 2 3
S 9415 4 10 3 6 2 3
S 9416 4 15 4 3 3 0
E 9416
S 9417 4 15 4 0 3 0
S 9432 4 14 4 0 3 3
S 9434 4 13 4 0 3 3
S 9436 4 13 4 1 3 3
S 9445 4 13 4 2 3 3
S 9446 4 13 4 5 3 3
S 9447 4 13 4 6 3 3
S 9448 4 15 5 3 3 0
E 9448
S 9449 4 15 5 0 3 0
S 9464 4 15 5 1 3 3
S 9473 4 15 5 2 3 3
S 9474 4 15 5 5 3 3
S 9475 4 15 5 6 3 3
S 9476 5 15 6 4 3 0
S 9477 7 15 6 4 3 0
S 9679 1 15 6 4 3 0
S 9695 2 15 6 4 3 0
S 9698 3 15 6 4 3 0
S 9699 8 15 2 6 3 0
INIT 19 at 9699 pc 6->2
S 9913 4 15 2 6 3 0
E 9913
S 9914 4 15 3 3 3 0
S 9915 4 15 3 0 3 0
S 9930 4 14 3 0 4 3
S 9932 4 13 3 0 4 3
S 9934 4 12 3 0 4 3
S 9936 4 12 3 1 4 3
S 9965 4 12 3 2 4 3
S 9966 4 12 3 5 4 3
S 9967 4 12 3 6 4 3
S 9968 4 15 4 3 3 0
E 9968
S 9969 4 15 4 0 3 0
S 9986 4 14 4 0 4 3
S 9988 4 13 4 0 4 3
S 9990 4 12 4 0 4 3
S 9992 4 11 4 0 4 3
S 9994 4 10 4 0 4 3
S 9996 4 10 4 1 4 3
S 10007 4 10 4 2 4 3
S 10008 4 10 4 5 4 3
S 10009 4 10 4 6 4 3
S 10010 4 15 5 3 3 0
E 10010
S 10011 4 15 5 0 3 0
S 10028 4 14 5 0 4 3
S 10030 4 13 5 0 4 3
S 10032 4 12 5 0 4 3
S 10034 4 12 5 1 4 3
S 10043 4 12 5 2 4 3
S 10044 4 12 5 5 4 3
S 10045 4 12 5 6 4 3
S 10046 4 15 6 3 3 0
E 10046
S 10047 4 15 6 0 3 0
S 10068 4 14 6 0 6 3
S 10070 4 13 6 0 6 3
S 10072 4 12 6 0 6 3
S 10074 4 11 6 0 6 3
S 10076 4 11 6 1 6 3
S 10086 4 11 6 2 6 3
S 10087 4 11 6 5 6 3
S 10088 4 11 6 6 6 3
S 10089 4 15 7 3 3 0
E 10089
S 10090 4 15 7 0 3 0
S 10106 4 14 7 0 4 3
S 10108 4 14 7 1 4 3
S 10117 4 14 7 2 4 3
S 10118 4 14 7 5 4 3
S 10119 4 14 7 6 4 3
S 10120 5 15 8 4 3 0
S 10121 7 15 8 4 3 0
S 10234 3 15 8 4 3 0
S 10235 8 15 2 6 3 0
INIT 20 at 10235 pc 8->2
S 10450 4 15 2 6 3 0
E 10450
S 10451 4 15 3 3 3 0
S 10452 4 15 3 0 3 0
S 10472 4 14 3 0 0 3
S 10474 4 13 3 0 0 3
S 10476 4 13 3 1 0 3
S 10485 4 13 3 2 0 3
S 10486 4 13 3 5 0 3
S 10487 4 13 3 6 0 3
S 10488 4 15 4 3 3 0
E 10488
S 10489 4 15 4 0 3 0
S 10508 4 14 4 0 1 3
S 10510 4 13 4 0 1 3
S 10512 4 13 4 1 1 3
S 10521 4 13 4 2 1 3
S 10522 4 13 4 5 1 3
S 10523 4 13 4 6 1 3
S 10524 4 15 5 3 3 0
E 10524
S 10525 4 15 5 0 3 0
S 10544 4 14 5 0 5 3
S 10546 4 13 5 0 5 3
S 10548 4 12 5 0 5 3
S 10550 4 12 5 1 5 3
S 10559 4 12 5 2 5 3
S 10560 4 12 5 5 5 3
S 10561 4 12 5 6 5 3
S 10562 4 15 6 3 3 0
E 10562
S 10563 4 15 6 0 3 0
S 10584 4 14 6 0 6 3
S 10586 4 13 6 0 6 3
S 10588 4 12 6 0 6 3
S 10590 4 11 6 0 6 3
S 10592 4 11 6 1 6 3
S 10602 4 11 6 2 6 3
S 10603 4 11 6 5 6 3
S 10604 4 11 6 6 6 3
S 10605 4 15 7 3 3 0
E 10605
S 10606 4 15 7 0 3 0
S 10622 4 14 7 0 2 3
S 10624 4 13 7 0 2 3
S 10626 4 13 7 1 2 3
S 10635 4 13 7 2 2 3
S 10636 4 13 7 5 2 3
S 10637 4 13 7 6 2 3
S 10638 4 15 8 3 3 0
E 10638
S 10639 4 15 8 0 3 0
S 10654 4 14 8 0 3 3
S 10656 4 13 8 0 3 3
S 10658 4 13 8 1 3 3
S 10667 4 13 8 2 3 3
S 10668 4 13 8 5 3 3
S 10669 4 13 8 6 3 3
S 10670 4 15 9 3 3 0
E 10670
S 10671 4 15 9 0 3 0
S 10686 4 15 9 1 3 3
S 10695 4 15 9 2 3 3
S 10696 4 15 9 5 3 3
S 10697 4 15 9 6 3 3
S 10698 5 15 10 4 3 0
S 10699 7 15 10 4 3 0
S 10803 3 15 10 4 3 0
S 10804 8 15 2 6 3 0
INIT 21 at 10804 pc 10->2
S 11020 4 15 2 6 3 0
E 11020
S 11021 4 15 3 3 3 0
S 11022 4 15 3 0 3 0
S 11036 4 14 3 0 3 3
S 11038 4 13 3 0 3 3
S 11040 4 12 3 0 3 3
S 11042 4 12 3 1 3 3
S 11051 4 12 3 2 3 3
S 11052 4 12 3 5 3 3
S 11053 4 12 3 6 3 3
S 11054 4 15 4 3 3 0
E 11054
S 11055 4 15 4 0 3 0
S 11076 4 14 4 0 0 3
S 11078 4 13 4 0 0 3
S 11080 4 13 4 1 0 3
S 11089 4 13 4 2 0 3
S 11090 4 13 4 5 0 3
S 11091 4 13 4 6 0 3
S 11092 4 15 5 3 3 0
E 11092
S 11093 4 15 5 0 3 0
S 11112 4 14 5 0 1 3
S 11114 4 13 5 0 1 3
S 11116 4 12 5 0 1 3
S 11118 4 11 5 0 1 3
S 11120 4 10 5 0 1 3
S 11122 4 10 5 1 1 3
S 11133 4 10 5 2 1 3
S 11134 4 10 5 5 1 3
S 11135 4 10 5 6 1 3
S 11136 4 15 6 3 3 0
E 11136
S 11137 4 15 6 0 3 0
S 11156 4 14 6 0 5 3
S 11158 4 13 6 0 5 3
S 11160 4 13 6 1 5 3
S 11169 4 13 6 2 5 3
S 11170 4 13 6 5 5 3
S 11171 4 13 6 6 5 3
S 11172 4 15 7 3 3 0
E 11172
S 11173 4 15 7 0 3 0
S 11190 4 14 7 0 2 3
S 11192 4 13 7 0 2 3
S 11194 4 13 7 1 2 3
S 11203 4 13 7 2 2 3
S 11204 4 13 7 5 2 3
S 11205 4 13 7 6 2 3
S 11206 4 15 8 3 3 0
E 11206
S 11207 4 15 8 0 3 0
S 11222 4 14 8 0 3 3
S 11224 4 14 8 1 3 3
S 11233 4 14 8 2 3 3
S 11234 4 14 8 5 3 3
S 11235 4 14 8 6 3 3
S 11236 5 15 9 4 3 0
S 11237 7 15 9 4 3 0
S 11437 1 15 9 4 3 0
S 11453 2 15 9 4 3 0
S 11456 3 15 9 4 3 0
S 11457 8 15 2 6 3 0
INIT 22 at 11457 pc 9->2
S 11672 4 15 2 6 3 0
E 11672
S 11673 4 15 3 3 3 0
S 11674 4 15 3 0 3 0
S 11690 4 14 3 0 4 3
S 11692 4 13 3 0 4 3
S 11694 4 13 3 1 4 3
S 11703 4 13 3 2 4 3
S 11704 4 13 3 5 4 3
S 11705 4 13 3 6 4 3
S 11706 4 15 4 3 3 0
E 11706
S 11707 4 15 4 0 3 0
S 11722 4 14 4 0 3 3
S 11724 4 13 4 0 3 3
S 11726 4 13 4 1 3 3
S 11735 4 13 4 2 3 3
S 11736 4 13 4 5 3 3
S 11737 4 13 4 6 3 3
S 11738 4 15 5 3 3 0
E 11738
S 11739 4 15 5 0 3 0
S 11754 4 15 5 1 3 3
S 11763 4 15 5 2 3 3
S 11764 4 15 5 5 3 3
S 11765 4 15 5 6 3 3
S 11766 5 15 6 4 3 0
S 11767 7 15 6 4 3 0
S 11865 3 15 6 4 3 0
S 11866 8 15 2 6 3 0
INIT 23 at 11866 pc 6->2
S 12087 4 15 2 6 3 0
E 12087
S 12088 4 15 3 3 3 0
S 12089 4 15 3 0 3 0
S 12106 4 14 3 0 5 3
S 12108 4 13 3 0 5 3
S 12110 4 12 3 0 5 3
S 12112 4 11 3 0 5 3
S 12114 4 10 3 0 5 3
S 12116 4 10 3 1 5 3
S 12127 4 10 3 2 5 3
S 12128 4 10 3 5 5 3
S 12129 4 10 3 6 5 3
S 12130 4 15 4 3 3 0
E 12130
S 12131 4 15 4 0 3 0
S 12146 4 14 4 0 3 3
S 12148 4 13 4 0 3 3
S 12150 4 13 4 1 3 3
S 12159 4 13 4 2 3 3
S 12160 4 13 4 5 3 3
S 12161 4 13 4 6 3 3
S 12162 4 15 5 3 3 0
E 12162
S 12163 4 15 5 0 3 0
S 12178 4 15 5 1 3 3
S 12187 4 15 5 2 3 3
S 12188 4 15 5 5 3 3
S 12189 4 15 5 6 3 3
S 12190 5 15 6 4 3 0
S 12191 7 15 6 4 3 0
S 12296 3 15 6 4 3 0
S 12297 8 15 2 6 3 0
INIT 24 at 12297 pc 6->2
S 12514 4 15 2 6 3 0
E 12514
S 12515 4 15 3 3 3 0
S 12516 4 15 3 0 3 0
S 12532 4 14 3 0 2 3
S 12534 4 13 3 0 2 3
S 12536 4 13 3 1 2 3
S 12545 4 13 3 2 2 3
S 12546 4 13 3 5 2 3
S 12547 4 13 3 6 2 3
S 12548 4 15 4 3 3 0
E 12548
S 12549 4 15 4 0 3 0
S 12566 4 14 4 0 4 3
S 12568 4 13 4 0 4 3
S 12570 4 13 4 1 4 3
S 12579 4 13 4 2 4 3
S 12580 4 13 4 5 4 3
S 12581 4 13 4 6 4 3
S 12582 4 15 5 3 3 0
E 12582
S 12583 4 15 5 0 3 0
S 12598 4 14 5 0 3 3
S 12600 4 13 5 0 3 3
S 12602 4 13 5 1 3 3
S 12611 4 13 5 2 3 3
S 12612 4 13 5 5 3 3
S 12613 4 13 5 6 3 3
S 12614 4 15 6 3 3 0
E 12614
S 12615 4 15 6 0 3 0
S 12630 4 15 6 1 3 3
S 12639 4 15 6 2 3 3
S 12640 4 15 6 5 3 3
S 12641 4 15 6 6 3 3
S 12642 5 15 7 4 3 0
S 12643 7 15 7 4 3 0
S 12851 1 15 7 4 3 0
S 12867 2 15 7 4 3 0
S 12870 3 15 7 4 3 0
S 12871 8 15 2 6 3 0
INIT 25 at 12871 pc 7->2
S 13085 4 15 2 6 3 0
E 13085
S 13086 4 15 3 3 3 0
S 13087 4 15 3 0 3 0
S 13104 4 14 3 0 1 3
S 13106 4 13 3 0 1 3
S 13108 4 13 3 1 1 3
S 13117 4 13 3 2 1 3
S 13118 4 13 3 5 1 3
S 13119 4 13 3 6 1 3
S 13120 4 15 4 3 3 0
E 13120
S 13121 4 15 4 0 3 0
S 13144 4 14 4 0 7 3
S 13146 4 13 4 0 7 3
S 13148 4 13 4 1 7 3
S 13157 4 13 4 2 7 3
S 13158 4 13 4 5 7 3
S 13159 4 13 4 6 7 3
S 13160 4 15 5 3 3 0
E 13160
S 13161 4 15 5 0 3 0
S 13180 4 14 5 0 5 3
S 13182 4 13 5 0 5 3
S 13184 4 13 5 1 5 3
S 13193 4 13 5 2 5 3
S 13194 4 13 5 5 5 3
S 13195 4 13 5 6 5 3
S 13196 4 15 6 3 3 0
E 13196
S 13197 4 15 6 0 3 0
S 13212 4 14 6 0 3 3
S 13214 4 13 6 0 3 3
S 13216 4 13 6 1 3 3
S 13225 4 13 6 2 3 3
S 13226 4 13 6 5 3 3
S 13227 4 13 6 6 3 3
S 13228 4 15 7 3 3 0
E 13228
S 13229 4 15 7 0 3 0
S 13244 4 15 7 1 3 3
S 13253 4 15 7 2 3 3
S 13254 4 15 7 5 3 3
S 13255 4 15 7 6 3 3
S 13256 5 15 8 4 3 0
S 13257 7 15 8 4 3 0
S 13358 3 15 8 4 3 0
S 13359 8 15 2 6 3 0
INIT 26 at 13359 pc 8->2
S 13574 4 15 2 6 3 0
E 13574
S 13575 4 15 3 3 3 0
S 13576 4 15 3 0 3 0
S 13592 4 14 3 0 2 3
S 13594 4 13 3 0 2 3
S 13596 4 12 3 0 2 3
S 13598 4 11 3 0 2 3
S 13600 4 11 3 1 2 3
S 13610 4 11 3 2 2 3
S 13611 4 11 3 5 2 3
S 13612 4 11 3 6 2 3
S 13613 4 15 4 3 3 0
E 13613
S 13614 4 15 4 0 3 0
S 13628 4 14 4 0 3 3
S 13630 4 13 4 0 3 3
S 13632 4 12 4 0 3 3
S 13634 4 11 4 0 3 3
S 13636 4 11 4 1 3 3
S 13646 4 11 4 2 3 3
S 13647 4 11 4 5 3 3
S 13648 4 11 4 6 3 3
S 13649 4 15 5 3 3 0
E 13649
S 13650 4 15 5 0 3 0
S 13666 4 14 5 0 2 3
S 13668 4 13 5 0 2 3
S 13670 4 13 5 1 2 3
S 13679 4 13 5 2 2 3
S 13680 4 13 5 5 2 3
S 13681 4 13 5 6 2 3
S 13682 4 15 6 3 3 0
E 13682
S 13683 4 15 6 0 3 0
S 13698 4 14 6 0 3 3
S 13700 4 13 6 0 3 3
S 13702 4 13 6 1 3 3
S 13711 4 13 6 2 3 3
S 13712 4 13 6 5 3 3
S 13713 4 13 6 6 3 3
S 13714 4 15 7 3 3 0
E 13714
S 13715 4 15 7 0 3 0
S 13730 4 15 7 1 3 3
S 13739 4 15 7 2 3 3
S 13740 4 15 7 5 3 3
S 13741 4 15 7 6 3 3
S 13742 5 15 8 4 3 0
S 13743 7 15 8 4 3 0
S 13847 3 15 8 4 3 0
S 13848 8 15 2 6 3 0
INIT 27 at 13848 pc 8->2
S 14068 4 15 2 6 3 0
E 14068
S 14069 4 15 3 3 3 0
S 14070 4 15 3 0 3 0
S 14088 4 14 3 0 1 3
S 14090 4 13 3 0 1 3
S 14092 4 12 3 0 1 3
S 14094 4 12 3 1 1 3
S 14103 4 12 3 2 1 3
S 14104 4 12 3 5 1 3
S 14105 4 12 3 6 1 3
S 14106 4 15 4 3 3 0
E 14106
S 14107 4 15 4 0 3 0
S 14124 4 14 4 0 2 3
S 14126 4 13 4 0 2 3
S 14128 4 13 4 1 2 3
S 14137 4 13 4 2 2 3
S 14138 4 13 4 5 2 3
S 14139 4 13 4 6 2 3
S 14140 4 15 5 3 3 0
E 14140
S 14141 4 15 5 0 3 0
S 14156 4 14 5 0 3 3
S 14158 4 13 5 0 3 3
S 14160 4 13 5 1 3 3
S 14169 4 13 5 2 3 3
S 14170 4 13 5 5 3 3
S 14171 4 13 5 6 3 3
S 14172 4 15 6 3 3 0
E 14172
S 14173 4 15 6 0 3 0
S 14188 4 15 6 1 3 3
S 14197 4 15 6 2 3 3
S 14198 4 15 6 5 3 3
S 14199 4 15 6 6 3 3
S 14200 5 15 7 4 3 0
S 14201 7 15 7 4 3 0
S 14405 1 15 7 4 3 0
S 14421 2 15 7 4 3 0
S 14424 3 15 7 4 3 0
S 14425 8 15 2 6 3 0
INIT 28 at 14425 pc 7->2
S 14639 4 15 2 6 3 0
E 14639
S 14640 4 15 3 3 3 0
S 14641 4 15 3 0 3 0
S 14660 4 14 3 0 0 3
S 14662 4 13 3 0 0 3
S 14664 4 12 3 0 0 3
S 14666 4 12 3 1 0 3
S 14675 4 12 3 2 0 3
S 14676 4 12 3 5 0 3
S 14677 4 12 3 6 0 3
S 14678 4 15 4 3 3 0
E 14678
S 14679 4 15 4 0 3 0
S 14696 4 14 4 0 2 3
S 14698 4 13 4 0 2 3
S 14700 4 12 4 0 2 3
S 14702 4 12 4 1 2 3
S 14711 4 12 4 2 2 3
S 14712 4 12 4 5 2 3
S 14713 4 12 4 6 2 3
S 14714 4 15 5 3 3 0
E 14714
S 14715 4 15 5 0 3 0
S 14730 4 14 5 0 3 3
S 14732 4 13 5 0 3 3
S 14734 4 13 5 1 3 3
S 14743 4 13 5 2 3 3
S 14744 4 13 5 5 3 3
S 14745 4 13 5 6 3 3
S 14746 4 15 6 3 3 0
E 14746
S 14747 4 15 6 0 3 0
S 14762 4 15 6 1 3 3
S 14771 4 15 6 2 3 3
S 14772 4 15 6 5 3 3
S 14773 4 15 6 6 3 3
S 14774 5 15 7 4 3 0
S 14775 7 15 7 4 3 0
S 14880 3 15 7 4 3 0
S 14881 8 15 2 6 3 0
INIT 29 at 14881 pc 7->2
S 15095 4 15 2 6 3 0
E 15095
S 15096 4 15 3 3 3 0
S 15097 4 15 3 0 3 0
S 15116 4 14 3 0 0 3
S 15118 4 13 3 0 0 3
S 15120 4 12 3 0 0 3
S 15122 4 11 3 0 0 3
S 15124 4 11 3 1 0 3
S 15134 4 11 3 2 0 3
S 15135 4 11 3 5 0 3
S 15136 4 11 3 6 0 3
S 15137 4 15 4 3 3 0
E 15137
S 15138 4 15 4 0 3 0
S 15154 4 14 4 0 2 3
S 15156 4 13 4 0 2 3
S 15158 4 13 4 1 2 3
S 15167 4 13 4 2 2 3
S 15168 4 13 4 5 2 3
S 15169 4 13 4 6 2 3
S 15170 4 15 5 3 3 0
E 15170
S 15171 4 15 5 0 3 0
S 15186 4 14 5 0 3 3
S 15188 4 13 5 0 3 3
S 15190 4 13 5 1 3 3
S 15199 4 13 5 2 3 3
S 15200 4 13 5 5 3 3
S 15201 4 13 5 6 3 3
S 15202 4 15 6 3 3 0
E 15202
S 15203 4 15 6 0 3 0
S 15218 4 15 6 1 3 3
S 15227 4 15 6 2 3 3
S 15228 4 15 6 5 3 3
S 15229 4 15 6 6 3 3
S 15230 5 15 7 4 3 0
S 15231 7 15 7 4 3 0
S 15336 3 15 7 4 3 0
S 15337 8 15 2 6 3 0
INIT 30 at 15337 pc 7->2
S 15551 4 15 2 6 3 0
E 15551
S 15552 4 15 3 3 3 0
S 15553 4 15 3 0 3 0
S 15574 4 14 3 0 7 3
S 15576 4 13 3 0 7 3
S 15578 4 13 3 1 7 3
S 15587 4 13 3 2 7 3
S 15588 4 13 3 5 7 3
S 15589 4 13 3 6 7 3
S 15590 4 15 4 3 3 0
E 15590
S 15591 4 15 4 0 3 0
S 15612 4 14 4 0 6 3
S 15614 4 13 4 0 6 3
S 15616 4 13 4 1 6 3
S 15625 4 13 4 2 6 3
S 15626 4 13 4 5 6 3
S 15627 4 13 4 6 6 3
S 15628 4 15 5 3 3 0
E 15628
S 15629 4 15 5 0 3 0
S 15646 4 14 5 0 2 3
S 15648 4 13 5 0 2 3
S 15650 4 13 5 1 2 3
S 15659 4 13 5 2 2 3
S 15660 4 13 5 5 2 3
S 15661 4 13 5 6 2 3
S 15662 4 15 6 3 3 0
E 15662
S 15663 4 15 6 0 3 0
S 15678 4 14 6 0 3 3
S 15680 4 13 6 0 3 3
S 15682 4 13 6 1 3 3
S 15691 4 13 6 2 3 3
S 15692 4 13 6 5 3 3
S 15693 4 13 6 6 3 3
S 15694 4 15 7 3 3 0
E 15694
S 15695 4 15 7 0 3 0
S 15710 4 15 7 1 3 3
S 15719 4 15 7 2 3 3
S 15720 4 15 7 5 3 3
S 15721 4 15 7 6 3 3
S 15722 5 15 8 4 3 0
S 15723 7 15 8 4 3 0
S 15920 1 15 8 4 3 0
S 15936 2 15 8 4 3 0
S 15939 3 15 8 4 3 0
S 15940 8 15 2 6 3 0
INIT 31 at 15940 pc 8->2
S 16154 4 15 2 6 3 0
E 16154
S 16155 4 15 3 3 3 0
S 16156 4 15 3 0 3 0
S 16176 4 14 3 0 0 3
S 16178 4 13 3 0 0 3
S 16180 4 12 3 0 0 3
S 16182 4 12 3 1 0 3
S 16191 4 12 3 2 0 3
S 16192 4 12 3 5 0 3
S 16193 4 12 3 6 0 3
S 16194 4 15 4 3 3 0
E 16194
S 16195 4 15 4 0 3 0
S 16214 4 14 4 0 1 3
S 16216 4 13 4 0 1 3
S 16218 4 13 4 1 1 3
S 16247 4 13 4 2 1 3
S 16248 4 13 4 5 1 3
S 16249 4 13 4 6 1 3
S 16250 4 15 5 3 3 0
E 16250
S 16251 4 15 5 0 3 0
S 16270 4 14 5 0 1 3
S 16272 4 13 5 0 1 3
S 16274 4 12 5 0 1 3
S 16276 4 11 5 0 1 3
S 16278 4 11 5 1 1 3
S 16288 4 11 5 2 1 3
S 16289 4 11 5 5 1 3
S 16290 4 11 5 6 1 3
S 16291 4 15 6 3 3 0
E 16291
S 16292 4 15 6 0 3 0
S 16310 4 14 6 0 1 3
S 16312 4 13 6 0 1 3
S 16314 4 13 6 1 1 3
S 16323 4 13 6 2 1 3
S 16324 4 13 6 5 1 3
S 16325 4 13 6 6 1 3
S 16326 4 15 7 3 3 0
E 16326
S 16327 4 15 7 0 3 0
S 16342 4 14 7 0 3 3
S 16344 4 13 7 0 3 3
S 16346 4 12 7 0 3 3
S 16348 4 11 7 0 3 3
S 16350 4 11 7 1 3 3
S 16361 4 11 7 2 3 3
S 16362 4 11 7 5 3 3
S 16363 4 11 7 6 3 3
S 16364 4 15 8 3 3 0
E 16364
S 16365 4 15 8 0 3 0
S 16382 4 14 8 0 4 3
S 16384 4 13 8 0 4 3
S 16386 4 12 8 0 4 3
S 16388 4 12 8 1 4 3
S 16417 4 12 8 2 4 3
S 16418 4 12 8 5 4 3
S 16419 4 12 8 6 4 3
S 16420 4 15 9 3 3 0
E 16420
S 16421 4 15 9 0 3 0
S 16438 4 14 9 0 4 3
S 16440 4 13 9 0 4 3
S 16442 4 12 9 0 4 3
S 16444 4 11 9 0 4 3
S 16446 4 10 9 0 4 3
S 16448 4 10 9 1 4 3
S 16459 4 10 9 2 4 3
S 16460 4 10 9 5 4 3
S 16461 4 10 9 6 4 3
S 16462 4 15 10 3 3 0
E 16462
S 16463 4 15 10 0 3 0
S 16480 4 14 10 0 4 3
S 16482 4 13 10 0 4 3
S 16484 4 12 10 0 4 3
S 16486 4 12 10 1 4 3
S 16495 4 12 10 2 4 3
S 16496 4 12 10 5 4 3
S 16497 4 12 10 6 4 3
S 16498 4 15 11 3 3 0
E 16498
S 16499 4 15 11 0 3 0
S 16522 4 14 11 0 7 3
S 16524 4 13 11 0 7 3
S 16526 4 13 11 1 7 3
S 16535 4 13 11 2 7 3
S 16536 4 13 11 5 7 3
S 16537 4 13 11 6 7 3
S 16538 4 15 12 3 3 0
E 16538
S 16539 4 15 12 0 3 0
S 16556 4 14 12 0 2 3
S 16558 4 13 12 0 2 3
S 16560 4 13 12 1 2 3
S 16569 4 13 12 2 2 3
S 16570 4 13 12 5 2 3
S 16571 4 13 12 6 2 3
S 16572 4 15 13 3 3 0
E 16572
S 16573 4 15 13 0 3 0
S 16594 4 14 13 0 6 3
S 16596 4 13 13 0 6 3
S 16598 4 13 13 1 6 3
S 16607 4 13 13 2 6 3
S 16608 4 13 13 5 6 3
S 16609 4 13 13 6 6 3
S 16610 4 15 14 3 3 0
E 16610
S 16611 4 15 14 0 3 0
S 16626 4 14 14 0 3 3
S 16628 4 13 14 0 3 3
S 16630 4 13 14 1 3 3
S 16675 4 13 14 2 3 3
S 16676 4 13 14 5 3 3
S 16677 4 13 14 6 3 3
S 16678 4 15 15 3 3 0
E 16678
S 16679 4 15 15 0 3 0
S 16700 4 14 15 0 0 3
S 16702 4 13 15 0 0 3
S 16704 4 13 15 1 0 3
S 16714 4 13 15 2 0 3
S 16715 4 13 15 5 0 3
S 16716 4 13 15 6 0 3
S 16717 4 15 16 3 3 0
E 16717
S 16718 4 15 16 0 3 0
S 16736 4 14 16 0 1 3
S 16738 4 14 16 1 1 3
S 16747 4 14 16 2 1 3
S 16748 4 14 16 5 1 3
S 16749 4 14 16 6 1 3
S 16750 4 15 17 3 3 0
E 16750
S 16751 4 15 17 0 3 0
S 16768 4 14 17 0 2 3
S 16770 4 14 17 1 2 3
S 16779 4 14 17 2 2 3
S 16780 4 14 17 5 2 3
S 16781 4 14 17 6 2 3
S 16782 4 15 18 3 3 0
E 16782
S 16783 4 15 18 0 3 0
S 16800 4 14 18 0 4 3
S 16802 4 14 18 1 4 3
S 16811 4 14 18 2 4 3
S 16812 4 14 18 5 4 3
S 16813 4 14 18 6 4 3
S 16814 5 15 19 4 3 0
S 16815 7 15 19 4 3 0
S 16923 3 15 19 4 3 0
S 16924 8 15 2 6 3 0
INIT 32 at 16924 pc 19->2
S 17138 4 15 2 6 3 0
E 17138
S 17139 4 15 3 3 3 0
S 17140 4 15 3 0 3 0
S 17158 4 14 3 0 5 3
S 17160 4 13 3 0 5 3
S 17162 4 12 3 0 5 3
S 17164 4 11 3 0 5 3
S 17166 4 11 3 1 5 3
S 17176 4 11 3 2 5 3
S 17177 4 11 3 5 5 3
S 17178 4 11 3 6 5 3
S 17179 4 15 4 3 3 0
E 17179
S 17180 4 15 4 0 3 0
S 17200 4 14 4 0 6 3
S 17202 4 13 4 0 6 3
S 17204 4 13 4 1 6 3
S 17213 4 13 4 2 6 3
S 17214 4 13 4 5 6 3
S 17215 4 13 4 6 6 3
S 17216 4 15 5 3 3 0
E 17216
S 17217 4 15 5 0 3 0
S 17232 4 14 5 0 3 3
S 17234 4 13 5 0 3 3
S 17236 4 13 5 1 3 3
S 17245 4 13 5 2 3 3
S 17246 4 13 5 5 3 3
S 17247 4 13 5 6 3 3
S 17248 4 15 6 3 3 0
E 17248
S 17249 4 15 6 0 3 0
S 17264 4 15 6 1 3 3
S 17273 4 15 6 2 3 3
S 17274 4 15 6 5 3 3
S 17275 4 15 6 6 3 3
S 17276 5 15 7 4 3 0
S 17277 7 15 7 4 3 0
S 17379 3 15 7 4 3 0
S 17380 8 15 2 6 3 0
INIT 33 at 17380 pc 7->2
S 17594 4 15 2 6 3 0
E 17594
S 17595 4 15 3 3 3 0
S 17596 4 15 3 0 3 0
S 17610 4 14 3 0 3 3
S 17612 4 13 3 0 3 3
S 17614 4 12 3 0 3 3
S 17616 4 12 3 1 3 3
S 17625 4 12 3 2 3 3
S 17626 4 12 3 5 3 3
S 17627 4 12 3 6 3 3
S 17628 4 15 4 3 3 0
E 17628
S 17629 4 15 4 0 3 0
S 17646 4 14 4 0 4 3
S 17648 4 13 4 0 4 3
S 17650 4 12 4 0 4 3
S 17652 4 12 4 1 4 3
S 17661 4 12 4 2 4 3
S 17662 4 12 4 5 4 3
S 17663 4 12 4 6 4 3
S 17664 4 15 5 3 3 0
E 17664
S 17665 4 15 5 0 3 0
S 17686 4 14 5 0 0 3
S 17688 4 13 5 0 0 3
S 17690 4 12 5 0 0 3
S 17692 4 12 5 1 0 3
S 17701 4 12 5 2 0 3
S 17702 4 12 5 5 0 3
S 17703 4 12 5 6 0 3
S 17704 4 15 6 3 3 0
E 17704
S 17705 4 15 6 0 3 0
S 17728 4 14 6 0 7 3
S 17730 4 13 6 0 7 3
S 17732 4 13 6 1 7 3
S 17741 4 13 6 2 7 3
S 17742 4 13 6 5 7 3
S 17743 4 13 6 6 7 3
S 17744 4 15 7 3 3 0
E 17744
S 17745 4 15 7 0 3 0
S 17764 4 14 7 0 1 3
S 17766 4 13 7 0 1 3
S 17768 4 13 7 1 1 3
S 17777 4 13 7 2 1 3
S 17778 4 13 7 5 1 3
S 17779 4 13 7 6 1 3
S 17780 4 15 8 3 3 0
E 17780
S 17781 4 15 8 0 3 0
S 17798 4 14 8 0 2 3
S 17800 4 13 8 0 2 3
S 17802 4 12 8 0 2 3
S 17804 4 12 8 1 2 3
S 17813 4 12 8 2 2 3
S 17814 4 12 8 5 2 3
S 17815 4 12 8 6 2 3
S 17816 4 15 9 3 3 0
E 17816
S 17817 4 15 9 0 3 0
S 17832 4 14 9 0 3 3
S 17834 4 14 9 1 3 3
S 17843 4 14 9 2 3 3
S 17844 4 14 9 5 3 3
S 17845 4 14 9 6 3 3
S 17846 5 15 10 4 3 0
S 17847 7 15 10 4 3 0
S 18043 1 15 10 4 3 0
S 18059 2 15 10 4 3 0
S 18062 3 15 10 4 3 0
S 18063 8 15 2 6 3 0
INIT 34 at 18063 pc 10->2
S 18277 4 15 2 6 3 0
E 18277
S 18278 4 15 3 3 3 0
S 18279 4 15 3 0 3 0
S 18298 4 14 3 0 0 3
S 18300 4 13 3 0 0 3
S 18302 4 12 3 0 0 3
S 18304 4 12 3 1 0 3
S 18313 4 12 3 2 0 3
S 18314 4 12 3 5 0 3
S 18315 4 12 3 6 0 3
S 18316 4 15 4 3 3 0
E 18316
S 18317 4 15 4 0 3 0
S 18338 4 14 4 0 0 3
S 18340 4 14 4 1 0 3
S 18349 4 14 4 2 0 3
S 18350 4 14 4 5 0 3
S 18351 4 14 4 6 0 3
S 18352 4 15 5 3 3 0
E 18352
S 18353 4 15 5 0 3 0
S 18368 4 14 5 0 3 3
S 18370 4 13 5 0 3 3
S 18372 4 13 5 1 3 3
S 18381 4 13 5 2 3 3
S 18382 4 13 5 5 3 3
S 18383 4 13 5 6 3 3
S 18384 4 15 6 3 3 0
E 18384
S 18385 4 15 6 0 3 0
S 18400 4 15 6 1 3 3
S 18409 4 15 6 2 3 3
S 18410 4 15 6 5 3 3
S 18411 4 15 6 6 3 3
S 18412 5 15 7 4 3 0
S 18413 7 15 7 4 3 0
S 18518 3 15 7 4 3 0
S 18519 8 15 2 6 3 0
INIT 35 at 18519 pc 7->2
S 18734 4 15 2 6 3 0
E 18734
S 18735 4 15 3 3 3 0
S 18736 4 15 3 0 3 0
S 18758 4 14 3 0 7 3
S 18760 4 13 3 0 7 3
S 18762 4 13 3 1 7 3
S 18771 4 13 3 2 7 3
S 18772 4 13 3 5 7 3
S 18773 4 13 3 6 7 3
S 18774 4 15 4 3 3 0
E 18774
S 18775 4 15 4 0 3 0
S 18790 4 14 4 0 3 3
S 18792 4 13 4 0 3 3
S 18794 4 12 4 0 3 3
S 18796 4 12 4 1 3 3
S 18805 4 12 4 2 3 3
S 18806 4 12 4 5 3 3
S 18807 4 12 4 6 3 3
S 18808 4 15 5 3 3 0
E 18808
S 18809 4 15 5 0 3 0
S 18828 4 14 5 0 5 3
S 18830 4 13 5 0 5 3
S 18832 4 13 5 1 5 3
S 18841 4 13 5 2 5 3
S 18842 4 13 5 5 5 3
S 18843 4 13 5 6 5 3
S 18844 4 15 6 3 3 0
E 18844
S 18845 4 15 6 0 3 0
S 18860 4 14 6 0 3 3
S 18862 4 14 6 1 3 3
S 18871 4 14 6 2 3 3
S 18872 4 14 6 5 3 3
S 18873 4 14 6 6 3 3
S 18874 5 15 7 4 3 0
S 18875 7 15 7 4 3 0
S 18975 3 15 7 4 3 0
S 18976 8 15 2 6 3 0
INIT 36 at 18976 pc 7->2
S 19190 4 15 2 6 3 0
E 19190
S 19191 4 15 3 3 3 0
S 19192 4 15 3 0 3 0
S 19208 4 14 3 0 4 3
S 19210 4 13 3 0 4 3
S 19212 4 13 3 1 4 3
S 19221 4 13 3 2 4 3
S 19222 4 13 3 5 4 3
S 19223 4 13 3 6 4 3
S 19224 4 15 4 3 3 0
E 19224
S 19225 4 15 4 0 3 0
S 19246 4 14 4 0 0 3
S 19248 4 13 4 0 0 3
S 19250 4 12 4 0 0 3
S 19252 4 12 4 1 0 3
S 19261 4 12 4 2 0 3
S 19262 4 12 4 5 0 3
S 19263 4 12 4 6 0 3
S 19264 4 15 5 3 3 0
E 19264
S 19265 4 15 5 0 3 0
S 19280 4 14 5 0 3 3
S 19282 4 13 5 0 3 3
S 19284 4 13 5 1 3 3
S 19293 4 13 5 2 3 3
S 19294 4 13 5 5 3 3
S 19295 4 13 5 6 3 3
S 19296 4 15 6 3 3 0
E 19296
S 19297 4 15 6 0 3 0
S 19312 4 15 6 1 3 3
S 19321 4 15 6 2 3 3
S 19322 4 15 6 5 3 3
S 19323 4 15 6 6 3 3
S 19324 5 15 7 4 3 0
S 19325 7 15 7 4 3 0
S 19527 1 15 7 4 3 0
S 19543 2 15 7 4 3 0
S 19546 3 15 7 4 3 0
S 19547 8 15 2 6 3 0
INIT 37 at 19547 pc 7->2
S 19762 4 15 2 6 3 0
E 19762
S 19763 4 15 3 3 3 0
S 19764 4 15 3 0 3 0
S 19782 4 14 3 0 5 3
S 19784 4 13 3 0 5 3
S 19786 4 12 3 0 5 3
S 19788 4 12 3 1 5 3
S 19797 4 12 3 2 5 3
S 19798 4 12 3 5 5 3
S 19799 4 12 3 6 5 3
S 19800 4 15 4 3 3 0
E 19800
S 19801 4 15 4 0 3 0
S 19820 4 14 4 0 1 3
S 19822 4 13 4 0 1 3
S 19824 4 13 4 1 1 3
S 19833 4 13 4 2 1 3
S 19834 4 13 4 5 1 3
S 19835 4 13 4 6 1 3
S 19836 4 15 5 3 3 0
E 19836
S 19837 4 15 5 0 3 0
S 19852 4 14 5 0 3 3
S 19854 4 13 5 0 3 3
S 19856 4 13 5 1 3 3
S 19865 4 13 5 2 3 3
S 19866 4 13 5 5 3 3
S 19867 4 13 5 6 3 3
S 19868 4 15 6 3 3 0
E 19868
S 19869 4 15 6 0 3 0
S 19884 4 15 6 1 3 3
S 19893 4 15 6 2 3 3
S 19894 4 15 6 5 3 3
S 19895 4 15 6 6 3 3
S 19896 5 15 7 4 3 0
S 19897 7 15 7 4 3 0
S 20003 3 15 7 4 3 0
S 20004 8 15 2 6 3 0
INIT 38 at 20004 pc 7->2
S 20218 4 15 2 6 3 0
E 20218
S 20219 4 15 3 3 3 0
S 20220 4 15 3 0 3 0
S 20236 4 14 3 0 4 3
S 20238 4 13 3 0 4 3
S 20240 4 13 3 1 4 3
S 20249 4 13 3 2 4 3
S 20250 4 13 3 5 4 3
S 20251 4 13 3 6 4 3
S 20252 4 15 4 3 3 0
E 20252
S 20253 4 15 4 0 3 0
S 20270 4 14 4 0 2 3
S 20272 4 13 4 0 2 3
S 20274 4 13 4 1 2 3
S 20283 4 13 4 2 2 3
S 20284 4 13 4 5 2 3
S 20285 4 13 4 6 2 3
S 20286 4 15 5 3 3 0
E 20286
S 20287 4 15 5 0 3 0
S 20302 4 14 5 0 3 3
S 20304 4 13 5 0 3 3
S 20306 4 13 5 1 3 3
S 20316 4 13 5 2 3 3
S 20317 4 13 5 5 3 3
S 20318 4 13 5 6 3 3
S 20319 4 15 6 3 3 0
E 20319
S 20320 4 15 6 0 3 0
S 20334 4 15 6 1 3 3
S 20343 4 15 6 2 3 3
S 20344 4 15 6 5 3 3
S 20345 4 15 6 6 3 3
S 20346 5 15 7 4 3 0
S 20347 7 15 7 4 3 0
S 20459 3 15 7 4 3 0
S 20460 8 15 2 6 3 0
INIT 39 at 20460 pc 7->2
S 20674 4 15 2 6 3 0
E 20674
S 20675 4 15 3 3 3 0
S 20676 4 15 3 0 3 0
S 20694 4 14 3 0 1 3
S 20696 4 13 3 0 1 3
S 20698 4 12 3 0 1 3
S 20700 4 11 3 0 1 3
S 20702 4 11 3 1 1 3
S 20712 4 11 3 2 1 3
S 20713 4 11 3 5 1 3
S 20714 4 11 3 6 1 3
S 20715 4 15 4 3 3 0
E 20715
S 20716 4 15 4 0 3 0
S 20738 4 14 4 0 7 3
S 20740 4 13 4 0 7 3
S 20742 4 12 4 0 7 3
S 20744 4 12 4 1 7 3
S 20753 4 12 4 2 7 3
S 20754 4 12 4 5 7 3
S 20755 4 12 4 6 7 3
S 20756 4 15 5 3 3 0
E 20756
S 20757 4 15 5 0 3 0
S 20778 4 14 5 0 0 3
S 20780 4 13 5 0 0 3
S 20782 4 12 5 0 0 3
S 20784 4 12 5 1 0 3
S 20794 4 12 5 2 0 3
S 20795 4 12 5 5 0 3
S 20796 4 12 5 6 0 3
S 20797 4 15 6 3 3 0
E 20797
S 20798 4 15 6 0 3 0
S 20816 4 14 6 0 1 3
S 20818 4 13 6 0 1 3
S 20820 4 13 6 1 1 3
S 20829 4 13 6 2 1 3
S 20830 4 13 6 5 1 3
S 20831 4 13 6 6 1 3
S 20832 4 15 7 3 3 0
E 20832
S 20833 4 15 7 0 3 0
S 20850 4 14 7 0 4 3
S 20852 4 13 7 0 4 3
S 20854 4 12 7 0 4 3
S 20856 4 11 7 0 4 3
S 20858 4 11 7 1 4 3
S 20868 4 11 7 2 4 3
S 20869 4 11 7 5 4 3
S 20870 4 11 7 6 4 3
S 20871 4 15 8 3 3 0
E 20871
S 20872 4 15 8 0 3 0
S 20886 4 14 8 0 3 3
S 20888 4 13 8 0 3 3
S 20890 4 13 8 1 3 3
S 20899 4 13 8 2 3 3
S 20900 4 13 8 5 3 3
S 20901 4 13 8 6 3 3
S 20902 4 15 9 3 3 0
E 20902
S 20903 4 15 9 0 3 0
S 20918 4 15 9 1 3 3
S 20927 4 15 9 2 3 3
S 20928 4 15 9 5 3 3
S 20929 4 15 9 6 3 3
S 20930 5 15 10 4 3 0
S 20931 7 15 10 4 3 0
S 21139 1 15 10 4 3 0
S 21155 2 15 10 4 3 0
S 21158 3 15 10 4 3 0
S 21159 8 15 2 6 3 0
INIT 40 at 21159 pc 10->2
S 21376 4 15 2 6 3 0
E 21376
S 21377 4 15 3 3 3 0
S 21378 4 15 3 0 3 0
S 21398 4 14 3 0 6 3
S 21400 4 13 3 0 6 3
S 21402 4 12 3 0 6 3
S 21404 4 12 3 1 6 3
S 21413 4 12 3 2 6 3
S 21414 4 12 3 5 6 3
S 21415 4 12 3 6 6 3
S 21416 4 15 4 3 3 0
E 21416
S 21417 4 15 4 0 3 0
S 21436 4 14 4 0 1 3
S 21438 4 13 4 0 1 3
S 21440 4 13 4 1 1 3
S 21449 4 13 4 2 1 3
S 21450 4 13 4 5 1 3
S 21451 4 13 4 6 1 3
S 21452 4 15 5 3 3 0
E 21452
S 21453 4 15 5 0 3 0
S 21470 4 14 5 0 2 3
S 21472 4 13 5 0 2 3
S 21474 4 12 5 0 2 3
S 21476 4 12 5 1 2 3
S 21485 4 12 5 2 2 3
S 21486 4 12 5 5 2 3
S 21487 4 12 5 6 2 3
S 21488 4 15 6 3 3 0
E 21488
S 21489 4 15 6 0 3 0
S 21504 4 14 6 0 3 3
S 21506 4 13 6 0 3 3
S 21508 4 12 6 0 3 3
S 21510 4 12 6 1 3 3
S 21519 4 12 6 2 3 3
S 21520 4 12 6 5 3 3
S 21521 4 12 6 6 3 3
S 21522 4 15 7 3 3 0
E 21522
S 21523 4 15 7 0 3 0
S 21546 4 14 7 0 7 3
S 21548 4 13 7 0 7 3
S 21550 4 12 7 0 7 3
S 21552 4 11 7 0 7 3
S 21554 4 11 7 1 7 3
S 21564 4 11 7 2 7 3
S 21565 4 11 7 5 7 3
S 21566 4 11 7 6 7 3
S 21567 4 15 8 3 3 0
E 21567
S 21568 4 15 8 0 3 0
S 21584 4 14 8 0 4 3
S 21586 4 13 8 0 4 3
S 21588 4 13 8 1 4 3
S 21597 4 13 8 2 4 3
S 21598 4 13 8 5 4 3
S 21599 4 13 8 6 4 3
S 21600 4 15 9 3 3 0
E 21600
S 21601 4 15 9 0 3 0
S 21616 4 14 9 0 3 3
S 21618 4 14 9 1 3 3
S 21627 4 14 9 2 3 3
S 21628 4 14 9 5 3 3
S 21629 4 14 9 6 3 3
S 21630 5 15 10 4 3 0
S 21631 7 15 10 4 3 0
S 21729 3 15 10 4 3 0
S 21730 8 15 2 6 3 0
INIT 41 at 21730 pc 10->2
S 21944 4 15 2 6 3 0
E 21944
S 21945 4 15 3 3 3 0
S 21946 4 15 3 0 3 0
S 21962 4 14 3 0 4 3
S 21964 4 13 3 0 4 3
S 21966 4 13 3 1 4 3
S 21975 4 13 3 2 4 3
S 21976 4 13 3 5 4 3
S 21977 4 13 3 6 4 3
S 21978 4 15 4 3 3 0
E 21978
S 21979 4 15 4 0 3 0
S 22000 4 14 4 0 0 3
S 22002 4 13 4 0 0 3
S 22004 4 12 4 0 0 3
S 22006 4 12 4 1 0 3
S 22015 4 12 4 2 0 3
S 22016 4 12 4 5 0 3
S 22017 4 12 4 6 0 3
S 22018 4 15 5 3 3 0
E 22018
S 22019 4 15 5 0 3 0
S 22036 4 14 5 0 2 3
S 22038 4 13 5 0 2 3
S 22040 4 12 5 0 2 3
S 22042 4 12 5 1 2 3
S 22051 4 12 5 2 2 3
S 22052 4 12 5 5 2 3
S 22053 4 12 5 6 2 3
S 22054 4 15 6 3 3 0
E 22054
S 22055 4 15 6 0 3 0
S 22070 4 14 6 0 3 3
S 22072 4 13 6 0 3 3
S 22074 4 13 6 1 3 3
S 22083 4 13 6 2 3 3
S 22084 4 13 6 5 3 3
S 22085 4 13 6 6 3 3
S 22086 4 15 7 3 3 0
E 22086
S 22087 4 15 7 0 3 0
S 22102 4 15 7 1 3 3
S 22111 4 15 7 2 3 3
S 22112 4 15 7 5 3 3
S 22113 4 15 7 6 3 3
S 22114 5 15 8 4 3 0
S 22115 7 15 8 4 3 0
S 22217 3 15 8 4 3 0
S 22218 8 15 2 6 3 0
INIT 42 at 22218 pc 8->2
S 22432 4 15 2 6 3 0
E 22432
S 22433 4 15 3 3 3 0
S 22434 4 15 3 0 3 0
S 22454 4 14 3 0 0 3
S 22456 4 13 3 0 0 3
S 22458 4 12 3 0 0 3
S 22460 4 12 3 1 0 3
S 22469 4 12 3 2 0 3
S 22470 4 12 3 5 0 3
S 22471 4 12 3 6 0 3
S 22472 4 15 4 3 3 0
E 22472
S 22473 4 15 4 0 3 0
S 22488 4 14 4 0 3 3
S 22490 4 13 4 0 3 3
S 22492 4 12 4 0 3 3
S 22494 4 12 4 1 3 3
S 22503 4 12 4 2 3 3
S 22504 4 12 4 5 3 3
S 22505 4 12 4 6 3 3
S 22506 4 15 5 3 3 0
E 22506
S 22507 4 15 5 0 3 0
S 22524 4 14 5 0 2 3
S 22526 4 13 5 0 2 3
S 22530 4 12 5 0 2 3
S 22532 4 12 5 1 2 3
S 22541 4 12 5 2 2 3
S 22542 4 12 5 5 2 3
S 22543 4 12 5 6 2 3
S 22544 4 15 6 3 3 0
E 22544
S 22545 4 15 6 0 3 0
S 22564 4 14 6 0 5 3
S 22566 4 13 6 0 5 3
S 22568 4 13 6 1 5 3
S 22577 4 13 6 2 5 3
S 22578 4 13 6 5 5 3
S 22579 4 13 6 6 5 3
S 22580 4 15 7 3 3 0
E 22580
S 22581 4 15 7 0 3 0
S 22602 4 14 7 0 0 3
S 22604 4 14 7 1 0 3
S 22613 4 14 7 2 0 3
S 22614 4 14 7 5 0 3
S 22615 4 14 7 6 0 3
S 22616 4 15 8 3 3 0
E 22616
S 22617 4 15 8 0 3 0
S 22636 4 14 8 0 1 3
S 22638 4 13 8 0 1 3
S 22640 4 13 8 1 1 3
S 22649 4 13 8 2 1 3
S 22650 4 13 8 5 1 3
S 22651 4 13 8 6 1 3
S 22652 4 15 9 3 3 0
E 22652
S 22653 4 15 9 0 3 0
S 22668 4 14 9 0 3 3
S 22670 4 14 9 1 3 3
S 22679 4 14 9 2 3 3
S 22680 4 14 9 5 3 3
S 22681 4 14 9 6 3 3
S 22682 5 15 10 4 3 0
S 22683 7 15 10 4 3 0
S 22881 1 15 10 4 3 0
S 22897 2 15 10 4 3 0
S 22900 3 15 10 4 3 0
S 22901 8 15 2 6 3 0
INIT 43 at 22901 pc 10->2
S 23115 4 15 2 6 3 0
E 23115
S 23116 4 15 3 3 3 0
S 23117 4 15 3 0 3 0
S 23134 4 14 3 0 5 3
S 23136 4 13 3 0 5 3
S 23138 4 13 3 1 5 3
S 23147 4 13 3 2 5 3
S 23148 4 13 3 5 5 3
S 23149 4 13 3 6 5 3
S 23150 4 15 4 3 3 0
E 23150
S 23151 4 15 4 0 3 0
S 23170 4 14 4 0 1 3
S 23172 4 13 4 0 1 3
S 23174 4 13 4 1 1 3
S 23183 4 13 4 2 1 3
S 23184 4 13 4 5 1 3
S 23185 4 13 4 6 1 3
S 23186 4 15 5 3 3 0
E 23186
S 23187 4 15 5 0 3 0
S 23202 4 14 5 0 3 3
S 23204 4 13 5 0 3 3
S 23206 4 13 5 1 3 3
S 23216 4 13 5 2 3 3
S 23217 4 13 5 5 3 3
S 23218 4 13 5 6 3 3
S 23219 4 15 6 3 3 0
E 23219
S 23220 4 15 6 0 3 0
S 23234 4 15 6 1 3 3
S 23243 4 15 6 2 3 3
S 23244 4 15 6 5 3 3
S 23245 4 15 6 6 3 3
S 23246 5 15 7 4 3 0
S 23247 7 15 7 4 3 0
S 23356 3 15 7 4 3 0
S 23357 8 15 2 6 3 0
INIT 44 at 23357 pc 7->2
S 23571 4 15 2 6 3 0
E 23571
S 23572 4 15 3 3 3 0
S 23573 4 15 3 0 3 0
S 23588 4 14 3 0 4 3
S 23590 4 13 3 0 4 3
S 23592 4 13 3 1 4 3
S 23601 4 13 3 2 4 3
S 23602 4 13 3 5 4 3
S 23603 4 13 3 6 4 3
S 23604 4 15 4 3 3 0
E 23604
S 23605 4 15 4 0 3 0
S 23624 4 14 4 0 1 3
S 23626 4 13 4 0 1 3
S 23628 4 13 4 1 1 3
S 23637 4 13 4 2 1 3
S 23638 4 13 4 5 1 3
S 23639 4 13 4 6 1 3
S 23640 4 15 5 3 3 0
E 23640
S 23641 4 15 5 0 3 0
S 23656 4 14 5 0 3 3
S 23658 4 13 5 0 3 3
S 23660 4 13 5 1 3 3
S 23669 4 13 5 2 3 3
S 23670 4 13 5 5 3 3
S 23671 4 13 5 6 3 3
S 23672 4 15 6 3 3 0
E 23672
S 23673 4 15 6 0 3 0
S 23688 4 15 6 1 3 3
S 23697 4 15 6 2 3 3
S 23698 4 15 6 5 3 3
S 23699 4 15 6 6 3 3
S 23700 5 15 7 4 3 0
S 23701 7 15 7 4 3 0
S 23812 3 15 7 4 3 0
S 23813 8 15 2 6 3 0
INIT 45 at 23813 pc 7->2
S 24027 4 15 2 6 3 0
E 24027
S 24028 4 15 3 3 3 0
S 24029 4 15 3 0 3 0
S 24050 4 14 3 0 7 3
S 24052 4 13 3 0 7 3
S 24054 4 13 3 1 7 3
S 24063 4 13 3 2 7 3
S 24064 4 13 3 5 7 3
S 24065 4 13 3 6 7 3
S 24066 4 15 4 3 3 0
E 24066
S 24067 4 15 4 0 3 0
S 24088 4 14 4 0 0 3
S 24090 4 13 4 0 0 3
S 24092 4 13 4 1 0 3
S 24101 4 13 4 2 0 3
S 24102 4 13 4 5 0 3
S 24103 4 13 4 6 0 3
S 24104 4 15 5 3 3 0
E 24104
S 24105 4 15 5 0 3 0
S 24120 4 14 5 0 3 3
S 24122 4 13 5 0 3 3
S 24124 4 13 5 1 3 3
S 24133 4 13 5 2 3 3
S 24134 4 13 5 5 3 3
S 24135 4 13 5 6 3 3
S 24136 4 15 6 3 3 0
E 24136
S 24137 4 15 6 0 3 0
S 24152 4 15 6 1 3 3
S 24161 4 15 6 2 3 3
S 24162 4 15 6 5 3 3
S 24163 4 15 6 6 3 3
S 24164 5 15 7 4 3 0
S 24165 7 15 7 4 3 0
S 24364 1 15 7 4 3 0
S 24380 2 15 7 4 3 0
S 24383 3 15 7 4 3 0
S 24384 8 15 2 6 3 0
INIT 46 at 24384 pc 7->2
S 24599 4 15 2 6 3 0
E 24599
S 24600 4 15 3 3 3 0
S 24601 4 15 3 0 3 0
S 24618 4 14 3 0 1 3
S 24620 4 13 3 0 1 3
S 24622 4 12 3 0 1 3
S 24624 4 12 3 1 1 3
S 24633 4 12 3 2 1 3
S 24634 4 12 3 5 1 3
S 24635 4 12 3 6 1 3
S 24636 4 15 4 3 3 0
E 24636
S 24637 4 15 4 0 3 0
S 24652 4 14 4 0 3 3
S 24654 4 13 4 0 3 3
S 24656 4 13 4 1 3 3
S 24665 4 13 4 2 3 3
S 24666 4 13 4 5 3 3
S 24667 4 13 4 6 3 3
S 24668 4 15 5 3 3 0
E 24668
S 24669 4 15 5 0 3 0
S 24684 4 15 5 1 3 3
S 24693 4 15 5 2 3 3
S 24694 4 15 5 5 3 3
S 24695 4 15 5 6 3 3
S 24696 5 15 6 4 3 0
S 24697 7 15 6 4 3 0
S 24808 3 15 6 4 3 0
S 24809 8 15 2 6 3 0
INIT 47 at 24809 pc 6->2
S 25025 4 15 2 6 3 0
E 25025
S 25026 4 15 3 3 3 0
S 25027 4 15 3 0 3 0
S 25044 4 14 3 0 5 3
S 25046 4 13 3 0 5 3
S 25048 4 13 3 1 5 3
S 25057 4 13 3 2 5 3
S 25058 4 13 3 5 5 3
S 25059 4 13 3 6 5 3
S 25060 4 15 4 3 3 0
E 25060
S 25061 4 15 4 0 3 0
S 25076 4 14 4 0 3 3
S 25078 4 13 4 0 3 3
S 25080 4 12 4 0 3 3
S 25082 4 12 4 1 3 3
S 25091 4 12 4 2 3 3
S 25092 4 12 4 5 3 3
S 25093 4 12 4 6 3 3
S 25094 4 15 5 3 3 0
E 25094
S 25095 4 15 5 0 3 0
S 25112 4 14 5 0 4 3
S 25114 4 13 5 0 4 3
S 25116 4 13 5 1 4 3
S 25126 4 13 5 2 4 3
S 25127 4 13 5 5 4 3
S 25128 4 13 5 6 4 3
S 25129 4 15 6 3 3 0
E 25129
S 25130 4 15 6 0 3 0
S 25144 4 14 6 0 3 3
S 25146 4 14 6 1 3 3
S 25155 4 14 6 2 3 3
S 25156 4 14 6 5 3 3
S 25157 4 14 6 6 3 3
S 25158 5 15 7 4 3 0
S 25159 7 15 7 4 3 0
S 25266 3 15 7 4 3 0
S 25267 8 15 2 6 3 0
INIT 48 at 25267 pc 7->2
S 25486 4 15 2 6 3 0
E 25486
S 25487 4 15 3 3 3 0
S 25488 4 15 3 0 3 0
S 25502 4 14 3 0 3 3
S 25504 4 13 3 0 3 3
S 25506 4 13 3 1 3 3
S 25515 4 13 3 2 3 3
S 25516 4 13 3 5 3 3
S 25517 4 13 3 6 3 3
S 25518 4 15 4 3 3 0
E 25518
S 25519 4 15 4 0 3 0
S 25534 4 15 4 1 3 3
S 25543 4 15 4 2 3 3
S 25544 4 15 4 5 3 3
S 25545 4 15 4 6 3 3
S 25546 5 15 5 4 3 0
S 25547 7 15 5 4 3 0
S 25743 1 15 5 4 3 0
S 25759 2 15 5 4 3 0
S 25762 3 15 5 4 3 0
S 25763 8 15 2 6 3 0
INIT 49 at 25763 pc 5->2
S 25978 4 15 2 6 3 0
E 25978
S 25979 4 15 3 3 3 0
S 25980 4 15 3 0 3 0
S 26000 4 14 3 0 0 3
S 26002 4 13 3 0 0 3
S 26004 4 12 3 0 0 3
S 26006 4 12 3 1 0 3
S 26015 4 12 3 2 0 3
S 26016 4 12 3 5 0 3
S 26017 4 12 3 6 0 3
S 26018 4 15 4 3 3 0
E 26018
S 26019 4 15 4 0 3 0
S 26034 4 14 4 0 3 3
S 26036 4 13 4 0 3 3
S 26038 4 13 4 1 3 3
S 26047 4 13 4 2 3 3
S 26048 4 13 4 5 3 3
S 26049 4 13 4 6 3 3
S 26050 4 15 5 3 3 0
E 26050
S 26051 4 15 5 0 3 0
S 26066 4 15 5 1 3 3
S 26075 4 15 5 2 3 3
S 26076 4 15 5 5 3 3
S 26077 4 15 5 6 3 3
S 26078 5 15 6 4 3 0
S 26079 7 15 6 4 3 0
S 26187 3 15 6 4 3 0
S 26188 8 15 2 6 3 0
INIT 50 at 26188 pc 6->2
S 26406 4 15 2 6 3 0
E 26406
S 26407 4 15 3 3 3 0
S 26408 4 15 3 0 3 0
S 26426 4 14 3 0 1 3
S 26428 4 13 3 0 1 3
S 26430 4 12 3 0 1 3
S 26432 4 12 3 1 1 3
S 26441 4 12 3 2 1 3
S 26442 4 12 3 5 1 3
S 26443 4 12 3 6 1 3
S 26444 4 15 4 3 3 0
E 26444
S 26445 4 15 4 0 3 0
S 26462 4 14 4 0 4 3
S 26464 4 13 4 0 4 3
S 26466 4 13 4 1 4 3
S 26475 4 13 4 2 4 3
S 26476 4 13 4 5 4 3
S 26477 4 13 4 6 4 3
S 26478 4 15 5 3 3 0
E 26478
S 26479 4 15 5 0 3 0
S 26496 4 14 5 0 2 3
S 26498 4 13 5 0 2 3
S 26500 4 13 5 1 2 3
S 26509 4 13 5 2 2 3
S 26510 4 13 5 5 2 3
S 26511 4 13 5 6 2 3
S 26512 4 15 6 3 3 0
E 26512
S 26513 4 15 6 0 3 0
S 26528 4 14 6 0 3 3
S 26530 4 13 6 0 3 3
S 26532 4 13 6 1 3 3
S 26541 4 13 6 2 3 3
S 26542 4 13 6 5 3 3
S 26543 4 13 6 6 3 3
S 26544 4 15 7 3 3 0
E 26544
S 26545 4 15 7 0 3 0
S 26560 4 15 7 1 3 3
S 26569 4 15 7 2 3 3
S 26570 4 15 7 5 3 3
S 26571 4 15 7 6 3 3
S 26572 5 15 8 4 3 0
S 26573 7 15 8 4 3 0
S 26679 3 15 8 4 3 0
S 26680 8 15 2 6 3 0
INIT 51 at 26680 pc 8->2
S 26894 4 15 2 6 3 0
E 26894
S 26895 4 15 3 3 3 0
S 26896 4 15 3 0 3 0
S 26916 4 14 3 0 6 3
S 26918 4 13 3 0 6 3
S 26920 4 13 3 1 6 3
S 26929 4 13 3 2 6 3
S 26930 4 13 3 5 6 3
S 26931 4 13 3 6 6 3
S 26932 4 15 4 3 3 0
E 26932
S 26933 4 15 4 0 3 0
S 26948 4 14 4 0 3 3
S 26950 4 13 4 0 3 3
S 26952 4 13 4 1 3 3
S 26961 4 13 4 2 3 3
S 26962 4 13 4 5 3 3
S 26963 4 13 4 6 3 3
S 26964 4 15 5 3 3 0
E 26964
S 26965 4 15 5 0 3 0
S 26980 4 15 5 1 3 3
S 26989 4 15 5 2 3 3
S 26990 4 15 5 5 3 3
S 26991 4 15 5 6 3 3
S 26992 5 15 6 4 3 0
S 26993 7 15 6 4 3 0
S 27199 1 15 6 4 3 0
S 27215 2 15 6 4 3 0
S 27218 3 15 6 4 3 0
S 27219 8 15 2 6 3 0
INIT 52 at 27219 pc 6->2
S 27433 4 15 2 6 3 0
E 27433
S 27434 4 15 3 3 3 0
S 27435 4 15 3 0 3 0
S 27448 4 14 3 0 3 3
S 27450 4 13 3 0 3 3
S 27452 4 12 3 0 3 3
S 27454 4 11 3 0 3 3
S 27456 4 10 3 0 3 3
S 27458 4 9 3 0 3 3
S 27460 4 9 3 1 3 3
S 27472 4 9 3 2 3 3
S 27473 4 9 3 5 3 3
S 27474 4 9 3 6 3 3
S 27475 4 15 4 3 3 0
E 27475
S 27476 4 15 4 0 3 0
S 27496 4 14 4 0 0 3
S 27498 4 13 4 0 0 3
S 27500 4 12 4 0 0 3
S 27502 4 11 4 0 0 3
S 27504 4 10 4 0 0 3
S 27506 4 10 4 1 0 3
S 27517 4 10 4 2 0 3
S 27518 4 10 4 5 0 3
S 27519 4 10 4 6 0 3
S 27520 4 15 5 3 3 0
E 27520
S 27521 4 15 5 0 3 0
S 27540 4 14 5 0 1 3
S 27542 4 13 5 0 1 3
S 27544 4 13 5 1 1 3
S 27553 4 13 5 2 1 3
S 27554 4 13 5 5 1 3
S 27555 4 13 5 6 1 3
S 27556 4 15 6 3 3 0
E 27556
S 27557 4 15 6 0 3 0
S 27574 4 14 6 0 2 3
S 27576 4 13 6 0 2 3
S 27578 4 12 6 0 2 3
S 27580 4 12 6 1 2 3
S 27589 4 12 6 2 2 3
S 27590 4 12 6 5 2 3
S 27591 4 12 6 6 2 3
S 27592 4 15 7 3 3 0
E 27592
S 27593 4 15 7 0 3 0
S 27608 4 14 7 0 3 3
S 27610 4 13 7 0 3 3
S 27612 4 12 7 0 3 3
S 27614 4 11 7 0 3 3
S 27616 4 11 7 1 3 3
S 27626 4 11 7 2 3 3
S 27627 4 11 7 5 3 3
S 27628 4 11 7 6 3 3
S 27629 4 15 8 3 3 0
E 27629
S 27630 4 15 8 0 3 0
S 27644 4 14 8 0 3 3
S 27646 4 13 8 0 3 3
S 27648 4 13 8 1 3 3
S 27657 4 13 8 2 3 3
S 27658 4 13 8 5 3 3
S 27659 4 13 8 6 3 3
S 27660 4 15 9 3 3 0
E 27660
S 27661 4 15 9 0 3 0
S 27676 4 15 9 1 3 3
S 27686 4 15 9 2 3 3
S 27687 4 15 9 5 3 3
S 27688 4 15 9 6 3 3
S 27689 5 15 10 4 3 0
S 27690 7 15 10 4 3 0
S 27802 3 15 10 4 3 0
S 27803 8 15 2 6 3 0
INIT 53 at 27803 pc 10->2
S 28017 4 15 2 6 3 0
E 28017
S 28018 4 15 3 3 3 0
S 28019 4 15 3 0 3 0
S 28032 4 14 3 0 3 3
S 28034 4 13 3 0 3 3
S 28036 4 12 3 0 3 3
S 28038 4 11 3 0 3 3
S 28040 4 11 3 1 3 3
S 28050 4 11 3 2 3 3
S 28051 4 11 3 5 3 3
S 28052 4 11 3 6 3 3
S 28053 4 15 4 3 3 0
E 28053
S 28054 4 15 4 0 3 0
S 28070 4 14 4 0 4 3
S 28072 4 13 4 0 4 3
S 28074 4 12 4 0 4 3
S 28076 4 12 4 1 4 3
S 28085 4 12 4 2 4 3
S 28086 4 12 4 5 4 3
S 28087 4 12 4 6 4 3
S 28088 4 15 5 3 3 0
E 28088
S 28089 4 15 5 0 3 0
S 28110 4 14 5 0 0 3
S 28112 4 13 5 0 0 3
S 28114 4 12 5 0 0 3
S 28116 4 11 5 0 0 3
S 28118 4 11 5 1 0 3
S 28128 4 11 5 2 0 3
S 28129 4 11 5 5 0 3
S 28130 4 11 5 6 0 3
S 28131 4 15 6 3 3 0
E 28131
S 28132 4 15 6 0 3 0
S 28146 4 14 6 0 3 3
S 28148 4 13 6 0 3 3
S 28150 4 13 6 1 3 3
S 28159 4 13 6 2 3 3
S 28160 4 13 6 5 3 3
S 28161 4 13 6 6 3 3
S 28162 4 15 7 3 3 0
E 28162
S 28163 4 15 7 0 3 0
S 28178 4 15 7 1 3 3
S 28187 4 15 7 2 3 3
S 28188 4 15 7 5 3 3
S 28189 4 15 7 6 3 3
S 28190 5 15 8 4 3 0
S 28191 7 15 8 4 3 0
S 28290 3 15 8 4 3 0
S 28291 8 15 2 6 3 0
INIT 54 at 28291 pc 8->2
S 28505 4 15 2 6 3 0
E 28505
S 28506 4 15 3 3 3 0
S 28507 4 15 3 0 3 0
S 28524 4 14 3 0 1 3
S 28526 4 13 3 0 1 3
S 28528 4 13 3 1 1 3
S 28537 4 13 3 2 1 3
S 28538 4 13 3 5 1 3
S 28539 4 13 3 6 1 3
S 28540 4 15 4 3 3 0
E 28540
S 28541 4 15 4 0 3 0
S 28558 4 14 4 0 2 3
S 28560 4 13 4 0 2 3
S 28562 4 13 4 1 2 3
S 28571 4 13 4 2 2 3
S 28572 4 13 4 5 2 3
S 28573 4 13 4 6 2 3
S 28574 4 15 5 3 3 0
E 28574
S 28575 4 15 5 0 3 0
S 28592 4 14 5 0 4 3
S 28594 4 13 5 0 4 3
S 28596 4 13 5 1 4 3
S 28605 4 13 5 2 4 3
S 28606 4 13 5 5 4 3
S 28607 4 13 5 6 4 3
S 28608 4 15 6 3 3 0
E 28608
S 28609 4 15 6 0 3 0
S 28624 4 14 6 0 3 3
S 28626 4 13 6 0 3 3
S 28628 4 13 6 1 3 3
S 28657 4 13 6 2 3 3
S 28658 4 13 6 5 3 3
S 28659 4 13 6 6 3 3
S 28660 4 15 7 3 3 0
E 28660
S 28661 4 15 7 0 3 0
S 28680 4 14 7 0 1 3
S 28682 4 13 7 0 1 3
S 28684 4 13 7 1 1 3
S 28693 4 13 7 2 1 3
S 28694 4 13 7 5 1 3
S 28695 4 13 7 6 1 3
S 28696 4 15 8 3 3 0
E 28696
S 28697 4 15 8 0 3 0
S 28714 4 14 8 0 2 3
S 28716 4 13 8 0 2 3
S 28718 4 13 8 1 2 3
S 28727 4 13 8 2 2 3
S 28728 4 13 8 5 2 3
S 28729 4 13 8 6 2 3
S 28730 4 15 9 3 3 0
E 28730
S 28731 4 15 9 0 3 0
S 28748 4 14 9 0 4 3
S 28750 4 13 9 0 4 3
S 28752 4 13 9 1 4 3
S 28761 4 13 9 2 4 3
S 28762 4 13 9 5 4 3
S 28763 4 13 9 6 4 3
S 28764 4 15 10 3 3 0
E 28764
S 28765 4 15 10 0 3 0
S 28780 4 14 10 0 3 3
S 28782 4 13 10 0 3 3
S 28784 4 13 10 1 3 3
S 28793 4 13 10 2 3 3
S 28794 4 13 10 5 3 3
S 28795 4 13 10 6 3 3
S 28796 4 15 11 3 3 0
E 28796
S 28797 4 15 11 0 3 0
S 28812 4 15 11 1 3 3
S 28821 4 15 11 2 3 3
S 28822 4 15 11 5 3 3
S 28823 4 15 11 6 3 3
S 28824 5 15 12 4 3 0
S 28825 7 15 12 4 3 0
S 29034 1 15 12 4 3 0
S 29050 2 15 12 4 3 0
S 29053 3 15 12 4 3 0
S 29054 8 15 2 6 3 0
INIT 55 at 29054 pc 12->2
S 29268 4 15 2 6 3 0
E 29268
S 29269 4 15 3 3 3 0
S 29270 4 15 3 0 3 0
S 29286 4 14 3 0 2 3
S 29288 4 13 3 0 2 3
S 29290 4 13 3 1 2 3
S 29299 4 13 3 2 2 3
S 29300 4 13 3 5 2 3
S 29301 4 13 3 6 2 3
S 29302 4 15 4 3 3 0
E 29302
S 29303 4 15 4 0 3 0
S 29318 4 14 4 0 3 3
S 29320 4 13 4 0 3 3
S 29322 4 13 4 1 3 3
S 29331 4 13 4 2 3 3
S 29332 4 13 4 5 3 3
S 29333 4 13 4 6 3 3
S 29334 4 15 5 3 3 0
E 29334
S 29335 4 15 5 0 3 0
S 29350 4 15 5 1 3 3
S 29359 4 15 5 2 3 3
S 29360 4 15 5 5 3 3
S 29361 4 15 5 6 3 3
S 29362 5 15 6 4 3 0
S 29363 7 15 6 4 3 0
S 29461 3 15 6 4 3 0
S 29462 8 15 2 6 3 0
INIT 56 at 29462 pc 6->2
S 29676 4 15 2 6 3 0
E 29676
S 29677 4 15 3 3 3 0
S 29678 4 15 3 0 3 0
S 29694 4 14 3 0 2 3
S 29696 4 13 3 0 2 3
S 29698 4 13 3 1 2 3
S 29707 4 13 3 2 2 3
S 29708 4 13 3 5 2 3
S 29709 4 13 3 6 2 3
S 29710 4 15 4 3 3 0
E 29710
S 29711 4 15 4 0 3 0
S 29726 4 14 4 0 3 3
S 29728 4 13 4 0 3 3
S 29730 4 13 4 1 3 3
S 29739 4 13 4 2 3 3
S 29740 4 13 4 5 3 3
S 29741 4 13 4 6 3 3
S 29742 4 15 5 3 3 0
E 29742
S 29743 4 15 5 0 3 0
S 29758 4 15 5 1 3 3
S 29767 4 15 5 2 3 3
S 29768 4 15 5 5 3 3
S 29769 4 15 5 6 3 3
S 29770 5 15 6 4 3 0
S 29771 7 15 6 4 3 0
S 29869 3 15 6 4 3 0
S 29870 8 15 2 6 3 0
INIT 57 at 29870 pc 6->2
SUMMARY frames=30000 edges=270 inits=57 goes=270 dones=270 forced=3 last_force_lock_y=15
DONE
